1|1
2|2
3|2
4|3
5|3
6|4
7|4
8|5
9|6
10|6
11|6
12|6
13|6
14|6
15|7
16|7
17|8
18|8
19|8
20|8
21|8
22|8
23|8
24|8
25|9
26|9
27|9
28|9
29|9
30|9
31|9
32|9
33|10
34|10
35|10
36|10
37|10
38|10
39|10
40|10
41|11
42|11
43|11
44|11
45|12
46|12
47|12
48|12
49|12
50|12
51|12
52|12
53|13
54|13
55|13
56|13
57|13
58|12
59|12
60|12
61|12
62|12
63|12
64|12
65|12
66|12
67|13
68|13
69|13
70|13
71|13
72|13
73|13
74|13
75|13
76|13
77|13
78|14
79|14
80|14
81|14
82|14
83|15
84|15
85|15
86|15
87|15
88|15
89|15
90|15
91|15
92|16
93|16
94|16
95|16
96|16
97|16
98|16
99|16
100|16
101|16
102|16
103|16
104|16
105|16
106|16
107|16
108|17
109|17
110|17
111|17
112|17
113|16
114|16
115|16
116|16
117|16
118|16
119|16
120|16
121|16
122|16
123|16
124|16
125|16
126|16
127|16
128|16
129|16
130|16
131|16
132|16
133|16
134|16
135|16
136|16
137|16
138|16
139|16
140|16
141|16
142|16
143|16
144|16
145|16
146|16
147|16
148|16
149|16
150|16
151|16
152|16
153|16
154|16
155|16
156|16
157|16
158|16
159|16
160|16
161|16
162|16
163|16
164|16
165|16
166|16
167|16
168|16
169|16
170|16
171|16
172|16
173|16
174|16
175|16
176|16
177|16
178|16
179|16
180|16
181|16
182|16
183|16
184|16
185|16
186|16
187|13
188|13
189|13
190|13
191|13
192|13
193|13
194|13
195|13
196|13
197|13
198|13
199|13
200|13
201|13
202|13
203|13
204|13
205|13
206|13
207|13
208|13
209|13
210|13
211|13
212|13
213|14
214|14
215|14
216|14
217|14
218|14
219|14
220|14
221|14
222|14
223|14
224|14
225|14
226|14
227|15
228|15
229|15
230|15
231|15
232|15
233|15
234|15
235|15
236|15
237|15
238|15
239|15
240|15
241|15
242|15
243|16
244|16
245|16
246|16
247|16
248|16
249|16
250|16
251|16
252|16
253|16
254|16
255|16
256|16
257|16
258|16
259|16
260|16
261|16
262|16
263|16
264|16
265|16
266|16
267|16
268|16
269|16
270|16
271|16
272|16
273|16
274|16
275|16
276|16
277|16
278|16
279|16
280|16
281|16
282|16
283|16
284|17
285|17
286|17
287|17
288|17
289|17
290|17
291|17
292|17
293|17
294|17
295|17
296|15
297|15
298|15
299|15
300|15
301|15
302|15
303|15
304|15
305|15
306|15
307|15
308|15
309|15
310|15
311|15
312|15
313|15
314|15
315|15
316|15
317|15
318|15
319|15
320|15
321|15
322|15
323|15
324|15
325|15
326|15
327|15
328|15
329|15
330|16
331|16
332|16
333|16
334|16
335|16
336|16
337|16
338|16
339|16
340|16
341|16
342|16
343|16
344|16
345|16
346|16
347|16
348|16
349|16
350|16
351|16
352|17
353|17
354|17
355|17
356|17
357|17
358|17
359|17
360|17
361|17
362|17
363|17
364|17
365|17
366|17
367|17
368|17
369|17
370|17
371|17
372|17
373|17
374|17
375|17
376|18
377|18
378|18
379|18
380|18
381|18
382|18
383|18
384|18
385|18
386|18
387|18
388|18
389|18
390|18
391|18
392|18
393|18
394|18
395|18
396|18
397|18
398|18
399|18
400|18
401|18
402|18
403|18
404|18
405|18
406|18
407|18
408|18
409|18
410|18
411|18
412|18
413|18
414|18
415|18
416|18
417|18
418|18
419|18
420|18
421|18
422|18
423|18
424|18
425|18
426|18
427|18
428|18
429|19
430|19
431|19
432|19
433|19
434|19
435|19
436|19
437|19
438|19
439|19
440|19
441|19
442|19
443|19
444|19
445|19
446|18
447|18
448|18
449|18
450|18
451|19
452|19
453|19
454|19
455|19
456|19
457|19
458|19
459|19
460|19
461|19
462|19
463|19
464|19
465|19
466|19
467|19
468|19
469|18
470|18
471|18
472|18
473|18
474|18
475|18
476|18
477|18
478|18
479|18
480|18
481|18
482|18
483|18
484|18
485|18
486|18
487|18
488|18
489|18
490|18
491|18
492|18
493|18
494|18
495|18
496|18
497|18
498|18
499|18
500|18
501|18
502|18
503|18
504|18
505|18
506|18
507|18
508|18
509|18
510|18
511|18
512|18
513|18
514|18
515|18
516|18
517|18
518|18
519|18
520|18
521|18
522|18
523|18
524|18
525|18
526|18
527|18
528|18
529|18
530|19
531|19
532|19
533|19
534|19
535|19
536|19
537|19
538|19
539|19
540|19
541|19
542|19
543|19
544|19
545|19
546|19
547|19
548|19
549|19
550|19
551|19
552|19
553|19
554|19
555|19
556|19
557|19
558|19
559|19
560|19
561|19
562|19
563|19
564|19
565|19
566|19
567|19
568|19
569|19
570|19
571|19
572|19
573|19
574|19
575|19
576|19
577|19
578|19
579|19
580|19
581|19
582|19
583|19
584|19
585|19
586|19
587|19
588|19
589|19
590|19
591|19
592|19
593|19
594|19
595|19
596|19
597|19
598|19
599|19
600|19
601|19
602|17
603|17
604|17
605|17
606|17
607|17
608|17
609|17
610|17
611|17
612|17
613|17
614|17
615|17
616|17
617|17
618|17
619|17
620|17
621|17
622|17
623|17
624|17
625|17
626|17
627|17
628|17
629|17
630|17
631|17
632|17
633|17
634|17
635|17
636|17
637|17
638|17
639|17
640|17
641|17
642|17
643|17
644|17
645|17
646|17
647|17
648|17
649|17
650|17
651|17
652|17
653|17
654|17
655|17
656|17
657|17
658|17
659|17
660|17
661|17
662|17
663|18
664|18
665|18
666|18
667|19
668|20
669|20
670|20
671|20
672|20
673|20
674|20
675|20
676|20
677|20
678|20
679|20
680|20
681|20
682|20
683|20
684|20
685|20
686|20
687|20
688|20
689|20
690|20
691|20
692|20
693|20
694|20
695|20
696|20
697|20
698|21
699|21
700|21
701|21
702|21
703|21
704|21
705|21
706|21
707|21
708|21
709|21
710|21
711|21
712|21
713|21
714|21
715|21
716|21
717|21
718|21
719|21
720|21
721|21
722|21
723|21
724|21
725|21
726|21
727|21
728|21
729|21
730|21
731|21
732|21
733|21
734|21
735|21
736|21
737|21
738|21
739|21
740|21
741|21
742|21
743|21
744|21
745|21
746|21
747|21
748|21
749|21
750|21
751|21
752|21
753|21
754|21
755|21
756|21
757|20
758|20
759|20
760|20
761|20
762|20
763|20
764|20
765|20
766|20
767|20
768|20
769|20
770|20
771|20
772|20
773|20
774|20
775|20
776|20
777|20
778|20
779|20
780|20
781|20
782|20
783|20
784|20
785|20
786|20
787|20
788|20
789|20
790|20
791|20
792|20
793|20
794|20
795|20
796|20
797|20
798|20
799|20
800|20
801|20
802|20
803|20
804|20
805|20
806|20
807|20
808|20
809|20
810|20
811|20
812|20
813|20
814|20
815|20
816|20
817|20
818|20
819|20
820|20
821|20
822|20
823|20
824|20
825|20
826|20
827|20
828|20
829|20
830|20
831|20
832|20
833|20
834|20
835|20
836|20
837|20
838|20
839|20
840|20
841|20
842|20
843|20
844|20
845|20
846|20
847|20
848|20
849|20
850|20
851|20
852|20
853|20
854|20
855|20
856|20
857|20
858|20
859|20
860|20
861|20
862|20
863|20
864|20
865|20
866|20
867|20
868|20
869|20
870|20
871|20
872|20
873|20
874|20
875|20
876|20
877|20
878|20
879|20
880|20
881|20
882|20
883|20
884|21
885|21
886|21
887|21
888|21
889|21
890|21
891|21
892|21
893|21
894|21
895|21
896|21
897|21
898|21
899|21
900|21
901|21
902|21
903|21
904|21
905|21
906|21
907|21
908|21
909|21
910|21
911|21
912|21
913|21
914|21
915|21
916|21
917|21
918|21
919|21
920|21
921|21
922|21
923|21
924|21
925|21
926|21
927|21
928|21
929|21
930|21
931|21
932|21
933|21
934|21
935|21
936|21
937|21
938|21
939|21
940|21
941|21
942|21
943|21
944|21
945|21
946|21
947|21
948|21
949|21
950|21
951|21
952|21
953|21
954|21
955|22
956|22
957|22
958|22
959|22
960|22
961|22
962|22
963|22
964|22
965|22
966|22
967|22
968|22
969|22
970|22
971|22
972|22
973|22
974|22
975|22
976|22
977|22
978|22
979|22
980|22
981|22
982|22
983|22
984|22
985|22
986|22
987|22
988|22
989|22
990|22
991|22
992|22
993|22
994|22
995|22
996|21
997|21
998|21
999|21
1000|21
1001|21
1002|21
1003|21
1004|21
1005|21
1006|21
1007|21
1008|21
1009|22
1010|22
1011|22
1012|22
1013|22
1014|22
1015|22
1016|22
1017|22
1018|22
1019|22
1020|22
1021|22
1022|22
1023|22
1024|22
1025|22
1026|22
1027|22
1028|22
1029|22
1030|22
1031|22
1032|22
1033|22
1034|22
1035|22
1036|22
1037|22
1038|22
1039|22
1040|22
1041|22
1042|22
1043|22
1044|22
1045|22
1046|22
1047|21
1048|21
1049|21
1050|21
1051|21
1052|21
1053|21
1054|21
1055|21
1056|21
1057|21
1058|21
1059|21
1060|22
1061|22
1062|22
1063|22
1064|22
1065|22
1066|22
1067|22
1068|22
1069|22
1070|22
1071|22
1072|22
1073|22
1074|22
1075|22
1076|22
1077|22
1078|22
1079|22
1080|22
1081|22
1082|22
1083|22
1084|22
1085|22
1086|22
1087|22
1088|22
1089|22
1090|22
1091|22
1092|22
1093|22
1094|22
1095|22
1096|22
1097|22
1098|22
1099|22
1100|22
1101|22
1102|22
1103|22
1104|22
1105|22
1106|22
1107|22
1108|22
1109|22
1110|22
1111|22
1112|22
1113|22
1114|22
1115|22
1116|22
1117|22
1118|22
1119|22
1120|22
1121|23
1122|23
1123|23
1124|23
1125|23
1126|23
1127|23
1128|23
1129|23
1130|23
1131|23
1132|23
1133|23
1134|23
1135|23
1136|23
1137|23
1138|23
1139|23
1140|23
1141|23
1142|23
1143|23
1144|23
1145|23
1146|24
1147|24
1148|24
1149|24
1150|24
1151|24
1152|24
1153|24
1154|24
1155|24
1156|24
1157|24
1158|24
1159|24
1160|24
1161|24
1162|24
1163|24
1164|24
1165|24
1166|24
1167|24
1168|24
1169|24
1170|24
1171|24
1172|24
1173|24
1174|24
1175|24
1176|24
1177|24
1178|24
1179|24
1180|24
1181|24
1182|24
1183|24
1184|24
1185|24
1186|24
1187|24
1188|24
1189|24
1190|24
1191|24
1192|24
1193|24
1194|24
1195|24
1196|24
1197|24
1198|24
1199|24
1200|24
1201|24
1202|24
1203|24
1204|24
1205|24
1206|24
1207|24
1208|24
1209|24
1210|24
1211|24
1212|24
1213|24
1214|24
1215|24
1216|24
1217|24
1218|24
1219|24
1220|24
1221|24
1222|24
1223|24
1224|24
1225|24
1226|24
1227|24
1228|24
1229|24
1230|24
1231|24
1232|24
1233|24
1234|24
1235|24
1236|24
1237|24
1238|24
1239|24
1240|24
1241|24
1242|24
1243|24
1244|24
1245|24
1246|24
1247|24
1248|24
1249|24
1250|24
1251|24
1252|24
1253|24
1254|24
1255|24
1256|24
1257|24
1258|24
1259|24
1260|24
1261|24
1262|24
1263|24
1264|24
1265|24
1266|24
1267|24
1268|24
1269|24
1270|24
1271|24
1272|24
1273|24
1274|24
1275|24
1276|24
1277|24
1278|24
1279|24
1280|24
1281|25
1282|25
1283|25
1284|25
1285|25
1286|25
1287|25
1288|25
1289|25
1290|25
1291|25
1292|25
1293|25
1294|25
1295|25
1296|25
1297|25
1298|25
1299|25
1300|25
1301|25
1302|25
1303|25
1304|25
1305|25
1306|25
1307|25
1308|25
1309|25
1310|25
1311|25
1312|25
1313|25
1314|25
1315|25
1316|25
1317|25
1318|25
1319|25
1320|25
1321|25
1322|25
1323|25
1324|25
1325|25
1326|25
1327|25
1328|25
1329|25
1330|25
1331|25
1332|25
1333|25
1334|25
1335|25
1336|25
1337|25
1338|25
1339|25
1340|25
1341|25
1342|25
1343|25
1344|25
1345|25
1346|25
1347|25
1348|25
1349|25
1350|25
1351|25
1352|25
1353|25
1354|25
1355|25
1356|25
1357|25
1358|25
1359|25
1360|25
1361|25
1362|25
1363|25
1364|25
1365|25
1366|25
1367|25
1368|25
1369|25
1370|25
1371|25
1372|25
1373|25
1374|25
1375|25
1376|25
1377|25
1378|25
1379|25
1380|25
1381|25
1382|25
1383|25
1384|25
1385|25
1386|25
1387|25
1388|25
1389|25
1390|25
1391|25
1392|25
1393|25
1394|25
1395|25
1396|25
1397|25
1398|25
1399|25
1400|25
1401|25
1402|25
1403|25
1404|25
1405|25
1406|25
1407|25
1408|25
1409|25
1410|25
1411|25
1412|25
1413|25
1414|25
1415|25
1416|25
1417|25
1418|25
1419|25
1420|25
1421|25
1422|25
1423|25
1424|25
1425|25
1426|25
1427|25
1428|25
1429|25
1430|25
1431|25
1432|25
1433|25
1434|25
1435|25
1436|25
1437|25
1438|25
1439|25
1440|25
1441|25
1442|25
1443|25
1444|25
1445|25
1446|25
1447|25
1448|25
1449|25
1450|25
1451|25
1452|25
1453|25
1454|25
1455|25
1456|25
1457|25
1458|25
1459|25
1460|25
1461|25
1462|25
1463|25
1464|25
1465|25
1466|25
1467|25
1468|25
1469|25
1470|25
1471|25
1472|25
1473|25
1474|25
1475|25
1476|25
1477|25
1478|25
1479|25
1480|25
1481|25
1482|25
1483|25
1484|25
1485|25
1486|25
1487|25
1488|25
1489|25
1490|25
1491|25
1492|25
1493|25
1494|25
1495|25
1496|25
1497|25
1498|25
1499|25
1500|25
1501|25
1502|25
1503|25
1504|25
1505|25
1506|25
1507|25
1508|25
1509|25
1510|25
1511|25
1512|25
1513|25
1514|25
1515|25
1516|25
1517|25
1518|25
1519|25
1520|25
1521|25
1522|25
1523|25
1524|25
1525|25
1526|25
1527|25
1528|25
1529|25
1530|25
1531|25
1532|25
1533|25
1534|25
1535|25
1536|25
1537|25
1538|25
1539|25
1540|25
1541|25
1542|25
1543|25
1544|25
1545|25
1546|25
1547|25
1548|25
1549|25
1550|25
1551|25
1552|25
1553|25
1554|25
1555|25
1556|25
1557|25
1558|25
1559|25
1560|25
1561|25
1562|25
1563|25
1564|25
1565|25
1566|26
1567|26
1568|26
1569|26
1570|26
1571|26
1572|26
1573|26
1574|26
1575|26
1576|26
1577|26
1578|26
1579|26
1580|26
1581|26
1582|26
1583|26
1584|26
1585|26
1586|26
1587|26
1588|26
1589|26
1590|26
1591|26
1592|26
1593|26
1594|26
1595|26
1596|26
1597|26
1598|26
1599|26
1600|26
1601|26
1602|26
1603|26
1604|26
1605|26
1606|26
1607|26
1608|26
1609|26
1610|26
1611|26
1612|26
1613|26
1614|26
1615|26
1616|26
1617|26
1618|26
1619|26
1620|26
1621|26
1622|26
1623|26
1624|26
1625|26
1626|26
1627|26
1628|26
1629|26
1630|26
1631|26
1632|26
1633|26
1634|26
1635|26
1636|26
1637|26
1638|26
1639|26
1640|26
1641|26
1642|26
1643|26
1644|26
1645|26
1646|26
1647|26
1648|26
1649|26
1650|26
1651|26
1652|26
1653|26
1654|26
1655|26
1656|26
1657|26
1658|26
1659|26
1660|26
1661|26
1662|26
1663|26
1664|26
1665|26
1666|26
1667|26
1668|26
1669|26
1670|26
1671|26
1672|26
1673|26
1674|26
1675|26
1676|26
1677|26
1678|26
1679|26
1680|26
1681|26
1682|26
1683|26
1684|26
1685|26
1686|26
1687|26
1688|26
1689|26
1690|26
1691|26
1692|27
1693|27
1694|27
1695|27
1696|27
1697|27
1698|27
1699|27
1700|27
1701|27
1702|27
1703|27
1704|27
1705|27
1706|27
1707|27
1708|27
1709|27
1710|27
1711|27
1712|27
1713|27
1714|27
1715|27
1716|27
1717|27
1718|27
1719|27
1720|27
1721|27
1722|27
1723|27
1724|27
1725|27
1726|27
1727|27
1728|27
1729|27
1730|27
1731|27
1732|27
1733|26
1734|26
1735|26
1736|26
1737|26
1738|26
1739|26
1740|26
1741|26
1742|26
1743|26
1744|26
1745|26
1746|26
1747|26
1748|26
1749|26
1750|26
1751|26
1752|26
1753|26
1754|26
1755|26
1756|26
1757|26
1758|27
1759|27
1760|27
1761|27
1762|27
1763|27
1764|27
1765|27
1766|27
1767|27
1768|27
1769|27
1770|27
1771|27
1772|27
1773|27
1774|27
1775|27
1776|27
1777|27
1778|27
1779|27
1780|27
1781|27
1782|27
1783|27
1784|27
1785|27
1786|27
1787|27
1788|27
1789|27
1790|27
1791|27
1792|27
1793|27
1794|27
1795|27
1796|27
1797|27
1798|27
1799|27
1800|27
1801|27
1802|27
1803|27
1804|27
1805|27
1806|27
1807|27
1808|27
1809|27
1810|27
1811|27
1812|27
1813|27
1814|27
1815|27
1816|27
1817|27
1818|27
1819|27
1820|27
1821|27
1822|27
1823|27
1824|27
1825|27
1826|27
1827|27
1828|27
1829|27
1830|27
1831|27
1832|27
1833|27
1834|27
1835|27
1836|27
1837|27
1838|27
1839|27
1840|27
1841|27
1842|27
1843|27
1844|27
1845|27
1846|27
1847|27
1848|27
1849|27
1850|27
1851|27
1852|27
1853|27
1854|27
1855|27
1856|27
1857|27
1858|27
1859|27
1860|27
1861|27
1862|27
1863|27
1864|27
1865|27
1866|27
1867|27
1868|27
1869|27
1870|27
1871|27
1872|27
1873|27
1874|27
1875|27
1876|27
1877|27
1878|27
1879|27
1880|27
1881|27
1882|27
1883|27
1884|27
1885|27
1886|27
1887|27
1888|27
1889|27
1890|27
1891|27
1892|27
1893|27
1894|27
1895|27
1896|27
1897|27
1898|27
1899|27
1900|27
1901|27
1902|27
1903|27
1904|27
1905|27
1906|27
1907|27
1908|27
1909|27
1910|27
1911|27
1912|27
1913|27
1914|27
1915|27
1916|27
1917|27
1918|27
1919|27
1920|27
1921|27
1922|27
1923|27
1924|27
1925|27
1926|27
1927|27
1928|27
1929|27
1930|27
1931|27
1932|27
1933|27
1934|27
1935|27
1936|27
1937|27
1938|27
1939|27
1940|27
1941|27
1942|27
1943|27
1944|27
1945|27
1946|27
1947|27
1948|27
1949|27
1950|27
1951|27
1952|27
1953|27
1954|27
1955|27
1956|27
1957|27
1958|27
1959|27
1960|27
1961|27
1962|27
1963|27
1964|27
1965|27
1966|27
1967|27
1968|27
1969|27
1970|27
1971|27
1972|27
1973|27
1974|27
1975|27
1976|27
1977|27
1978|27
1979|27
1980|27
1981|27
1982|27
1983|27
1984|27
1985|27
1986|27
1987|27
1988|27
1989|27
1990|27
1991|27
1992|27
1993|27
1994|27
1995|27
1996|27
1997|27
1998|27
1999|27
2000|27
2001|27
2002|27
2003|27
2004|27
2005|27
2006|27
2007|27
2008|27
2009|27
2010|27
2011|27
2012|27
2013|27
2014|27
2015|27
2016|27
2017|27
2018|27
2019|27
2020|27
2021|27
2022|27
2023|27
2024|27
2025|27
2026|27
2027|27
2028|27
2029|27
2030|27
2031|27
2032|27
2033|27
2034|27
2035|27
2036|27
2037|27
2038|27
2039|27
2040|27
2041|27
2042|27
2043|27
2044|27
2045|27
2046|27
2047|27
2048|27
2049|27
2050|27
2051|27
2052|27
2053|27
2054|27
2055|27
2056|27
2057|27
2058|27
2059|27
2060|27
2061|27
2062|27
2063|27
2064|27
2065|27
2066|27
2067|27
2068|27
2069|27
2070|27
2071|27
2072|27
2073|27
2074|27
2075|26
2076|26
2077|26
2078|26
2079|26
2080|26
2081|26
2082|26
2083|26
2084|26
2085|26
2086|26
2087|26
2088|26
2089|26
2090|26
2091|26
2092|26
2093|26
2094|26
2095|26
2096|26
2097|26
2098|26
2099|26
2100|26
2101|26
2102|26
2103|26
2104|26
2105|26
2106|26
2107|26
2108|26
2109|26
2110|26
2111|26
2112|26
2113|26
2114|26
2115|26
2116|26
2117|26
2118|26
2119|26
2120|26
2121|26
2122|26
2123|26
2124|26
2125|26
2126|26
2127|26
2128|26
2129|26
2130|26
2131|26
2132|26
2133|26
2134|26
2135|26
2136|26
2137|26
2138|26
2139|26
2140|26
2141|26
2142|26
2143|26
2144|26
2145|26
2146|26
2147|26
2148|26
2149|26
2150|26
2151|26
2152|26
2153|26
2154|26
2155|26
2156|26
2157|26
2158|26
2159|26
2160|26
2161|26
2162|26
2163|26
2164|26
2165|26
2166|26
2167|26
2168|26
2169|26
2170|26
2171|26
2172|26
2173|26
2174|26
2175|26
2176|26
2177|26
2178|26
2179|26
2180|26
2181|26
2182|26
2183|26
2184|26
2185|26
2186|26
2187|26
2188|26
2189|26
2190|26
2191|26
2192|26
2193|26
2194|26
2195|26
2196|26
2197|26
2198|26
2199|26
2200|26
2201|26
2202|26
2203|26
2204|26
2205|26
2206|26
2207|26
2208|26
2209|26
2210|26
2211|26
2212|26
2213|26
2214|26
2215|26
2216|26
2217|26
2218|26
2219|26
2220|26
2221|26
2222|26
2223|26
2224|26
2225|26
2226|26
2227|26
2228|26
2229|26
2230|26
2231|26
2232|26
2233|26
2234|26
2235|26
2236|26
2237|26
2238|26
2239|26
2240|26
2241|26
2242|26
2243|26
2244|26
2245|26
2246|26
2247|26
2248|26
2249|26
2250|26
2251|26
2252|26
2253|26
2254|26
2255|26
2256|26
2257|26
2258|26
2259|26
2260|26
2261|26
2262|26
2263|26
2264|26
2265|26
2266|26
2267|26
2268|26
2269|26
2270|26
2271|26
2272|26
2273|26
2274|26
2275|26
2276|26
2277|26
2278|26
2279|26
2280|26
2281|26
2282|26
2283|26
2284|26
2285|26
2286|26
2287|26
2288|26
2289|26
2290|26
2291|26
2292|26
2293|26
2294|26
2295|26
2296|26
2297|26
2298|26
2299|26
2300|26
2301|26
2302|26
2303|26
2304|26
2305|26
2306|26
2307|26
2308|26
2309|26
2310|26
2311|26
2312|26
2313|26
2314|26
2315|26
2316|26
2317|26
2318|26
2319|26
2320|26
2321|26
2322|26
2323|26
2324|26
2325|26
2326|26
2327|26
2328|26
2329|26
2330|26
2331|26
2332|26
2333|26
2334|26
2335|26
2336|26
2337|26
2338|26
2339|26
2340|26
2341|26
2342|26
2343|26
2344|26
2345|26
2346|26
2347|26
2348|26
2349|26
2350|26
2351|26
2352|26
2353|26
2354|26
2355|26
2356|26
2357|26
2358|26
2359|26
2360|26
2361|26
2362|26
2363|26
2364|26
2365|26
2366|26
2367|26
2368|26
2369|26
2370|26
2371|26
2372|26
2373|26
2374|26
2375|26
2376|26
2377|26
2378|26
2379|26
2380|26
2381|26
2382|26
2383|26
2384|26
2385|27
2386|27
2387|27
2388|27
2389|27
2390|27
2391|27
2392|27
2393|27
2394|27
2395|27
2396|27
2397|27
2398|27
2399|27
2400|27
2401|27
2402|27
2403|27
2404|27
2405|27
2406|27
2407|27
2408|27
2409|27
2410|27
2411|27
2412|27
2413|27
2414|27
2415|27
2416|27
2417|27
2418|27
2419|27
2420|27
2421|27
2422|27
2423|27
2424|27
2425|27
2426|27
2427|27
2428|27
2429|27
2430|27
2431|27
2432|27
2433|27
2434|27
2435|27
2436|27
2437|27
2438|27
2439|27
2440|27
2441|27
2442|27
2443|27
2444|27
2445|27
2446|27
2447|27
2448|27
2449|27
2450|27
2451|27
2452|27
2453|27
2454|27
2455|27
2456|27
2457|27
2458|27
2459|27
2460|27
2461|27
2462|27
2463|27
2464|27
2465|27
2466|27
2467|27
2468|27
2469|27
2470|27
2471|27
2472|27
2473|27
2474|27
2475|27
2476|27
2477|27
2478|27
2479|27
2480|27
2481|27
2482|27
2483|27
2484|27
2485|27
2486|27
2487|27
2488|27
2489|28
2490|28
2491|28
2492|28
2493|28
2494|28
2495|28
2496|28
2497|28
2498|28
2499|28
2500|28
2501|28
2502|28
2503|28
2504|28
2505|28
2506|28
2507|28
2508|28
2509|28
2510|28
2511|28
2512|28
2513|28
2514|28
2515|28
2516|28
2517|28
2518|28
2519|28
2520|28
2521|28
2522|28
2523|28
2524|28
2525|28
2526|28
2527|28
2528|28
2529|28
2530|28
2531|28
2532|28
2533|28
2534|28
2535|28
2536|28
2537|28
2538|28
2539|28
2540|28
2541|28
2542|28
2543|28
2544|28
2545|28
2546|28
2547|28
2548|28
2549|28
2550|28
2551|28
2552|28
2553|28
2554|28
2555|28
2556|28
2557|28
2558|28
2559|28
2560|28
2561|28
2562|28
2563|28
2564|28
2565|28
2566|28
2567|28
2568|28
2569|28
2570|28
2571|28
2572|28
2573|28
2574|28
2575|28
2576|28
2577|28
2578|28
2579|28
2580|28
2581|28
2582|28
2583|28
2584|28
2585|28
2586|28
2587|28
2588|28
2589|28
2590|28
2591|28
2592|28
2593|28
2594|28
2595|28
2596|28
2597|28
2598|28
2599|28
2600|28
2601|28
2602|28
2603|28
2604|28
2605|28
2606|28
2607|28
2608|28
2609|28
2610|28
2611|28
2612|28
2613|28
2614|28
2615|28
2616|28
2617|28
2618|28
2619|28
2620|28
2621|28
2622|28
2623|28
2624|28
2625|28
2626|28
2627|28
2628|28
2629|28
2630|28
2631|28
2632|28
2633|28
2634|28
2635|28
2636|28
2637|28
2638|28
2639|28
2640|28
2641|28
2642|28
2643|28
2644|28
2645|28
2646|28
2647|28
2648|28
2649|28
2650|28
2651|28
2652|28
2653|28
2654|28
2655|28
2656|28
2657|28
2658|28
2659|28
2660|28
2661|28
2662|28
2663|28
2664|28
2665|28
2666|28
2667|28
2668|28
2669|28
2670|28
2671|28
2672|28
2673|28
2674|28
2675|28
2676|28
2677|28
2678|28
2679|28
2680|28
2681|28
2682|28
2683|28
2684|28
2685|28
2686|28
2687|28
2688|28
2689|28
2690|28
2691|28
2692|28
2693|28
2694|28
2695|28
2696|28
2697|28
2698|28
2699|28
2700|28
2701|28
2702|28
2703|28
2704|28
2705|28
2706|28
2707|28
2708|28
2709|28
2710|28
2711|28
2712|28
2713|28
2714|28
2715|28
2716|28
2717|28
2718|28
2719|28
2720|28
2721|28
2722|28
2723|28
2724|28
2725|28
2726|28
2727|28
2728|28
2729|28
2730|28
2731|28
2732|28
2733|28
2734|28
2735|28
2736|28
2737|28
2738|28
2739|28
2740|28
2741|28
2742|28
2743|28
2744|27
2745|27
2746|27
2747|27
2748|27
2749|27
2750|27
2751|27
2752|27
2753|27
2754|27
2755|27
2756|27
2757|27
2758|27
2759|27
2760|27
2761|27
2762|27
2763|27
2764|28
2765|28
2766|28
2767|28
2768|28
2769|28
2770|28
2771|28
2772|28
2773|28
2774|28
2775|28
2776|28
2777|28
2778|28
2779|28
2780|28
2781|28
2782|28
2783|28
2784|28
2785|28
2786|28
2787|28
2788|28
2789|28
2790|28
2791|28
2792|28
2793|28
2794|28
2795|28
2796|28
2797|28
2798|28
2799|28
2800|28
2801|28
2802|28
2803|28
2804|28
2805|28
2806|28
2807|28
2808|28
2809|28
2810|28
2811|28
2812|28
2813|28
2814|28
2815|28
2816|28
2817|28
2818|28
2819|28
2820|28
2821|28
2822|28
2823|28
2824|28
2825|28
2826|28
2827|28
2828|28
2829|27
2830|27
2831|27
2832|27
2833|27
2834|27
2835|27
2836|27
2837|27
2838|27
2839|27
2840|27
2841|27
2842|27
2843|27
2844|27
2845|27
2846|27
2847|27
2848|27
2849|27
2850|27
2851|27
2852|27
2853|27
2854|27
2855|27
2856|27
2857|27
2858|27
2859|27
2860|27
2861|27
2862|27
2863|27
2864|27
2865|27
2866|27
2867|27
2868|27
2869|27
2870|27
2871|27
2872|27
2873|27
2874|27
2875|27
2876|27
2877|27
2878|27
2879|27
2880|27
2881|27
2882|27
2883|27
2884|27
2885|27
2886|27
2887|27
2888|27
2889|27
2890|27
2891|27
2892|27
2893|27
2894|27
2895|27
2896|27
2897|27
2898|27
2899|27
2900|27
2901|27
2902|27
2903|27
2904|27
2905|27
2906|27
2907|27
2908|27
2909|27
2910|27
2911|27
2912|27
2913|27
2914|27
2915|27
2916|27
2917|27
2918|27
2919|27
2920|27
2921|27
2922|27
2923|27
2924|27
2925|27
2926|27
2927|27
2928|27
2929|27
2930|27
2931|27
2932|26
2933|26
2934|26
2935|26
2936|26
2937|26
2938|26
2939|26
2940|26
2941|26
2942|26
2943|26
2944|26
2945|26
2946|26
2947|26
2948|26
2949|26
2950|26
2951|26
2952|26
2953|26
2954|26
2955|26
2956|26
2957|26
2958|26
2959|26
2960|26
2961|26
2962|26
2963|26
2964|26
2965|26
2966|26
2967|26
2968|26
2969|26
2970|26
2971|26
2972|26
2973|26
2974|26
2975|26
2976|26
2977|26
2978|26
2979|26
2980|26
2981|26
2982|26
2983|26
2984|26
2985|26
2986|26
2987|26
2988|26
2989|26
2990|26
2991|26
2992|26
2993|26
2994|26
2995|26
2996|26
2997|26
2998|26
2999|26
3000|26
3001|26
3002|26
3003|26
3004|26
3005|26
3006|26
3007|26
3008|26
3009|26
3010|26
3011|26
3012|26
3013|26
3014|26
3015|26
3016|26
3017|26
3018|26
3019|26
3020|26
3021|26
3022|26
3023|26
3024|26
3025|26
3026|26
3027|26
3028|26
3029|26
3030|26
3031|26
3032|26
3033|26
3034|26
3035|26
3036|26
3037|26
3038|26
3039|26
3040|26
3041|26
3042|26
3043|26
3044|26
3045|26
3046|26
3047|26
3048|26
3049|26
3050|26
3051|26
3052|26
3053|26
3054|26
3055|26
3056|26
3057|26
3058|26
3059|26
3060|26
3061|26
3062|26
3063|26
3064|26
3065|26
3066|26
3067|26
3068|26
3069|26
3070|26
3071|26
3072|26
3073|26
3074|26
3075|26
3076|26
3077|25
3078|26
3079|26
3080|26
3081|26
3082|26
3083|26
3084|26
3085|26
3086|26
3087|26
3088|26
3089|26
3090|26
3091|26
3092|26
3093|26
3094|26
3095|26
3096|26
3097|26
3098|26
3099|26
3100|26
3101|26
3102|26
3103|26
3104|26
3105|26
3106|26
3107|25
3108|25
3109|25
3110|25
3111|25
3112|25
3113|25
3114|25
3115|25
3116|25
3117|25
3118|25
3119|25
3120|25
3121|25
3122|25
3123|25
3124|25
3125|25
3126|25
3127|25
3128|25
3129|25
3130|25
3131|25
3132|25
3133|25
3134|25
3135|25
3136|25
3137|25
3138|25
3139|25
3140|25
3141|25
3142|25
3143|25
3144|25
3145|25
3146|25
3147|25
3148|25
3149|25
3150|25
3151|25
3152|25
3153|25
3154|25
3155|25
3156|25
3157|25
3158|25
3159|25
3160|25
3161|25
3162|25
3163|25
3164|25
3165|25
3166|25
3167|25
3168|25
3169|25
3170|25
3171|25
3172|25
3173|25
3174|25
3175|25
3176|25
3177|25
3178|25
3179|25
3180|25
3181|25
3182|25
3183|25
3184|25
3185|25
3186|25
3187|25
3188|25
3189|25
3190|25
3191|25
3192|25
3193|25
3194|25
3195|25
3196|25
3197|25
3198|25
3199|25
3200|25
3201|25
3202|25
3203|25
3204|25
3205|25
3206|25
3207|25
3208|25
3209|25
3210|25
3211|25
3212|25
3213|25
3214|25
3215|25
3216|25
3217|25
3218|25
3219|25
3220|25
3221|25
3222|25
3223|25
3224|25
3225|25
3226|25
3227|25
3228|25
3229|25
3230|25
3231|25
3232|25
3233|25
3234|25
3235|25
3236|25
3237|25
3238|25
3239|25
3240|25
3241|25
3242|25
3243|25
3244|25
3245|25
3246|25
3247|25
3248|25
3249|25
3250|25
3251|25
3252|25
3253|25
3254|25
3255|25
3256|25
3257|25
3258|25
3259|25
3260|25
3261|25
3262|25
3263|25
3264|25
3265|25
3266|25
3267|25
3268|25
3269|25
3270|25
3271|25
3272|25
3273|25
3274|25
3275|25
3276|25
3277|25
3278|25
3279|25
3280|25
3281|25
3282|25
3283|25
3284|25
3285|25
3286|25
3287|25
3288|25
3289|25
3290|25
3291|25
3292|25
3293|25
3294|25
3295|25
3296|25
3297|25
3298|25
3299|25
3300|25
3301|24
3302|24
3303|24
3304|24
3305|24
3306|24
3307|24
3308|24
3309|24
3310|24
3311|24
3312|24
3313|24
3314|24
3315|24
3316|24
3317|24
3318|24
3319|24
3320|24
3321|24
3322|24
3323|24
3324|24
3325|24
3326|24
3327|24
3328|24
3329|24
3330|24
3331|24
3332|24
3333|24
3334|24
3335|24
3336|24
3337|24
3338|24
3339|24
3340|24
3341|24
3342|24
3343|24
3344|24
3345|24
3346|24
3347|25
3348|25
3349|25
3350|25
3351|25
3352|25
3353|25
3354|24
3355|24
3356|24
3357|24
3358|24
3359|24
3360|24
3361|24
3362|24
3363|24
3364|24
3365|24
3366|24
3367|24
3368|24
3369|24
3370|24
3371|24
3372|24
3373|24
3374|24
3375|24
3376|24
3377|24
3378|24
3379|24
3380|24
3381|24
3382|24
3383|24
3384|24
3385|24
3386|24
3387|24
3388|24
3389|24
3390|24
3391|24
3392|24
3393|24
3394|24
3395|24
3396|24
3397|24
3398|24
3399|24
3400|24
3401|24
3402|24
3403|24
3404|24
3405|24
3406|24
3407|24
3408|24
3409|24
3410|24
3411|24
3412|24
3413|24
3414|24
3415|24
3416|24
3417|24
3418|24
3419|24
3420|24
3421|24
3422|24
3423|24
3424|24
3425|24
3426|24
3427|24
3428|24
3429|24
3430|24
3431|24
3432|24
3433|24
3434|24
3435|24
3436|24
3437|24
3438|24
3439|24
3440|24
3441|24
3442|24
3443|24
3444|24
3445|24
3446|24
3447|24
3448|24
3449|24
3450|24
3451|24
3452|24
3453|24
3454|24
3455|24
3456|24
3457|24
3458|24
3459|24
3460|24
3461|24
3462|24
3463|24
3464|24
3465|24
3466|24
3467|24
3468|24
3469|24
3470|24
3471|24
3472|24
3473|24
3474|24
3475|24
3476|24
3477|24
3478|24
3479|24
3480|24
3481|24
3482|24
3483|24
3484|24
3485|24
3486|24
3487|24
3488|24
3489|24
3490|24
3491|24
3492|24
3493|24
3494|24
3495|24
3496|24
3497|24
3498|24
3499|24
3500|24
3501|24
3502|24
3503|24
3504|24
3505|24
3506|24
3507|24
3508|24
3509|24
3510|24
3511|24
3512|24
3513|24
3514|24
3515|24
3516|24
3517|24
3518|24
3519|24
3520|24
3521|24
3522|24
3523|24
3524|24
3525|24
3526|24
3527|24
3528|25
3529|25
3530|25
3531|25
3532|25
3533|25
3534|25
3535|25
3536|25
3537|25
3538|25
3539|25
3540|25
3541|25
3542|25
3543|25
3544|25
3545|25
3546|25
3547|25
3548|25
3549|25
3550|25
3551|25
3552|25
3553|25
3554|25
3555|25
3556|25
3557|25
3558|25
3559|25
3560|25
3561|25
3562|25
3563|25
3564|25
3565|25
3566|25
3567|25
3568|25
3569|25
3570|25
3571|25
3572|25
3573|25
3574|25
3575|25
3576|25
3577|25
3578|25
3579|25
3580|25
3581|25
3582|25
3583|25
3584|25
3585|25
3586|25
3587|25
3588|25
3589|25
3590|25
3591|25
3592|25
3593|25
3594|25
3595|25
3596|25
3597|25
3598|25
3599|25
3600|25
3601|25
3602|25
3603|25
3604|25
3605|25
3606|25
3607|25
3608|25
3609|25
3610|25
3611|25
3612|25
3613|25
3614|25
3615|25
3616|25
3617|25
3618|25
3619|25
3620|25
3621|25
3622|25
3623|25
3624|25
3625|25
3626|25
3627|25
3628|25
3629|25
3630|25
3631|25
3632|25
3633|25
3634|25
3635|25
3636|25
3637|25
3638|25
3639|25
3640|25
3641|25
3642|25
3643|25
3644|25
3645|25
3646|25
3647|25
3648|25
3649|25
3650|25
3651|25
3652|25
3653|25
3654|25
3655|25
3656|25
3657|25
3658|25
3659|25
3660|25
3661|25
3662|25
3663|25
3664|25
3665|25
3666|25
3667|25
3668|25
3669|25
3670|25
3671|25
3672|25
3673|25
3674|25
3675|25
3676|25
3677|25
3678|25
3679|25
3680|25
3681|25
3682|25
3683|25
3684|25
3685|25
3686|25
3687|25
3688|25
3689|25
3690|25
3691|25
3692|25
3693|25
3694|25
3695|25
3696|25
3697|25
3698|25
3699|25
3700|25
3701|25
3702|25
3703|25
3704|25
3705|25
3706|25
3707|25
3708|25
3709|25
3710|25
3711|25
3712|25
3713|25
3714|25
3715|25
3716|25
3717|25
3718|25
3719|25
3720|25
3721|25
3722|25
3723|25
3724|25
3725|25
3726|25
3727|25
3728|25
3729|25
3730|25
3731|25
3732|25
3733|25
3734|25
3735|25
3736|25
3737|25
3738|25
3739|25
3740|25
3741|25
3742|25
3743|25
3744|25
3745|25
3746|25
3747|25
3748|25
3749|25
3750|25
3751|25
3752|25
3753|25
3754|25
3755|25
3756|25
3757|25
3758|25
3759|25
3760|25
3761|25
3762|25
3763|25
3764|25
3765|25
3766|25
3767|25
3768|25
3769|25
3770|25
3771|25
3772|25
3773|25
3774|25
3775|25
3776|25
3777|25
3778|25
3779|25
3780|25
3781|25
3782|25
3783|25
3784|25
3785|25
3786|25
3787|25
3788|25
3789|25
3790|25
3791|25
3792|25
3793|25
3794|25
3795|25
3796|25
3797|25
3798|25
3799|25
3800|25
3801|25
3802|25
3803|25
3804|25
3805|25
3806|25
3807|25
3808|25
3809|25
3810|25
3811|25
3812|25
3813|25
3814|25
3815|25
3816|25
3817|25
3818|25
3819|25
3820|25
3821|25
3822|25
3823|25
3824|25
3825|25
3826|25
3827|25
3828|25
3829|25
3830|25
3831|25
3832|25
3833|25
3834|25
3835|25
3836|25
3837|25
3838|25
3839|25
3840|25
3841|25
3842|25
3843|25
3844|25
3845|25
3846|25
3847|25
3848|25
3849|25
3850|25
3851|25
3852|25
3853|25
3854|25
3855|25
3856|25
3857|25
3858|25
3859|25
3860|25
3861|25
3862|25
3863|25
3864|25
3865|25
3866|25
3867|25
3868|25
3869|25
3870|25
3871|25
3872|25
3873|25
3874|25
3875|25
3876|25
3877|25
3878|25
3879|25
3880|25
3881|25
3882|25
3883|25
3884|25
3885|25
3886|25
3887|25
3888|25
3889|25
3890|25
3891|25
3892|25
3893|25
3894|25
3895|25
3896|25
3897|25
3898|25
3899|25
3900|25
3901|25
3902|25
3903|25
3904|25
3905|25
3906|25
3907|25
3908|25
3909|25
3910|25
3911|25
3912|25
3913|25
3914|25
3915|25
3916|25
3917|25
3918|25
3919|25
3920|25
3921|25
3922|25
3923|25
3924|25
3925|25
3926|25
3927|25
3928|25
3929|25
3930|25
3931|25
3932|25
3933|25
3934|25
3935|25
3936|25
3937|25
3938|25
3939|25
3940|25
3941|25
3942|25
3943|25
3944|25
3945|25
3946|25
3947|25
3948|25
3949|25
3950|25
3951|25
3952|25
3953|25
3954|25
3955|25
3956|25
3957|25
3958|25
3959|25
3960|25
3961|25
3962|25
3963|25
3964|25
3965|25
3966|25
3967|25
3968|25
3969|25
3970|25
3971|25
3972|25
3973|25
3974|25
3975|25
3976|25
3977|25
3978|25
3979|25
3980|25
3981|25
3982|25
3983|25
3984|25
3985|25
3986|25
3987|25
3988|25
3989|25
3990|25
3991|25
3992|25
3993|25
3994|25
3995|25
3996|25
3997|25
3998|25
3999|25
4000|25
4001|25
4002|25
4003|25
4004|25
4005|25
4006|25
4007|25
4008|25
4009|25
4010|25
4011|25
4012|25
4013|25
4014|25
4015|25
4016|25
4017|25
4018|25
4019|25
4020|25
4021|25
4022|25
4023|25
4024|25
4025|25
4026|25
4027|25
4028|25
4029|25
4030|25
4031|25
4032|25
4033|25
4034|25
4035|25
4036|25
4037|25
4038|25
4039|25
4040|25
4041|25
4042|25
4043|25
4044|25
4045|25
4046|25
4047|25
4048|25
4049|25
4050|25
4051|25
4052|25
4053|25
4054|25
4055|25
4056|25
4057|25
4058|25
4059|25
4060|25
4061|25
4062|25
4063|25
4064|25
4065|25
4066|25
4067|25
4068|25
4069|25
4070|25
4071|25
4072|25
4073|25
4074|25
4075|25
4076|25
4077|25
4078|25
4079|25
4080|25
4081|25
4082|25
4083|25
4084|25
4085|25
4086|25
4087|25
4088|25
4089|25
4090|25
4091|25
4092|25
4093|25
4094|25
4095|25
4096|25
4097|25
4098|25
4099|25
4100|26
4101|26
4102|26
4103|26
4104|26
4105|26
4106|26
4107|26
4108|26
4109|26
4110|26
4111|26
4112|26
4113|26
4114|26
4115|26
4116|26
4117|26
4118|26
4119|26
4120|26
4121|26
4122|26
4123|26
4124|26
4125|26
4126|26
4127|26
4128|26
4129|26
4130|26
4131|26
4132|26
4133|26
4134|26
4135|26
4136|26
4137|26
4138|26
4139|26
4140|26
4141|26
4142|26
4143|26
4144|26
4145|26
4146|26
4147|26
4148|26
4149|26
4150|26
4151|26
4152|26
4153|26
4154|26
4155|26
4156|26
4157|26
4158|26
4159|26
4160|26
4161|26
4162|26
4163|26
4164|26
4165|26
4166|26
4167|26
4168|26
4169|26
4170|26
4171|26
4172|26
4173|26
4174|26
4175|26
4176|26
4177|26
4178|26
4179|26
4180|26
4181|26
4182|26
4183|26
4184|26
4185|26
4186|26
4187|26
4188|26
4189|26
4190|26
4191|26
4192|26
4193|26
4194|26
4195|26
4196|26
4197|26
4198|26
4199|26
4200|26
4201|26
4202|26
4203|26
4204|26
4205|26
4206|26
4207|26
4208|26
4209|26
4210|26
4211|26
4212|26
4213|26
4214|26
4215|26
4216|26
4217|26
4218|26
4219|26
4220|26
4221|26
4222|26
4223|26
4224|26
4225|26
4226|26
4227|26
4228|26
4229|26
4230|26
4231|26
4232|26
4233|26
4234|26
4235|26
4236|26
4237|26
4238|26
4239|26
4240|26
4241|26
4242|26
4243|26
4244|26
4245|26
4246|26
4247|26
4248|26
4249|26
4250|26
4251|26
4252|26
4253|26
4254|26
4255|26
4256|26
4257|26
4258|26
4259|26
4260|26
4261|26
4262|26
4263|26
4264|26
4265|26
4266|26
4267|26
4268|26
4269|26
4270|26
4271|26
4272|26
4273|26
4274|26
4275|26
4276|26
4277|26
4278|26
4279|26
4280|26
4281|26
4282|26
4283|26
4284|26
4285|26
4286|26
4287|26
4288|26
4289|26
4290|26
4291|26
4292|26
4293|26
4294|26
4295|26
4296|26
4297|26
4298|26
4299|26
4300|26
4301|26
4302|26
4303|26
4304|26
4305|26
4306|26
4307|26
4308|26
4309|26
4310|26
4311|26
4312|26
4313|26
4314|26
4315|26
4316|26
4317|26
4318|26
4319|26
4320|26
4321|26
4322|26
4323|26
4324|26
4325|26
4326|26
4327|26
4328|26
4329|26
4330|26
4331|26
4332|26
4333|26
4334|26
4335|26
4336|26
4337|26
4338|26
4339|26
4340|26
4341|26
4342|26
4343|26
4344|26
4345|26
4346|26
4347|26
4348|26
4349|26
4350|26
4351|26
4352|26
4353|26
4354|26
4355|26
4356|26
4357|26
4358|26
4359|26
4360|26
4361|26
4362|26
4363|26
4364|26
4365|26
4366|26
4367|26
4368|26
4369|26
4370|26
4371|26
4372|26
4373|26
4374|26
4375|26
4376|26
4377|26
4378|26
4379|26
4380|26
4381|26
4382|26
4383|26
4384|26
4385|26
4386|26
4387|26
4388|26
4389|26
4390|26
4391|26
4392|26
4393|26
4394|26
4395|26
4396|26
4397|26
4398|26
4399|26
4400|26
4401|26
4402|26
4403|26
4404|26
4405|26
4406|26
4407|26
4408|26
4409|26
4410|26
4411|26
4412|26
4413|26
4414|26
4415|26
4416|26
4417|26
4418|26
4419|26
4420|26
4421|26
4422|26
4423|26
4424|26
4425|26
4426|26
4427|26
4428|26
4429|26
4430|26
4431|26
4432|26
4433|26
4434|26
4435|26
4436|26
4437|26
4438|26
4439|26
4440|26
4441|25
4442|25
4443|25
4444|25
4445|25
4446|25
4447|25
4448|25
4449|25
4450|25
4451|25
4452|25
4453|25
4454|25
4455|25
4456|25
4457|25
4458|25
4459|25
4460|25
4461|25
4462|25
4463|25
4464|25
4465|25
4466|25
4467|25
4468|25
4469|25
4470|25
4471|25
4472|25
4473|25
4474|25
4475|25
4476|25
4477|25
4478|25
4479|25
4480|25
4481|25
4482|25
4483|25
4484|25
4485|25
4486|25
4487|25
4488|25
4489|25
4490|25
4491|25
4492|25
4493|25
4494|25
4495|25
4496|25
4497|25
4498|25
4499|25
4500|25
4501|25
4502|25
4503|25
4504|25
4505|25
4506|25
4507|25
4508|25
4509|25
4510|25
4511|25
4512|25
4513|25
4514|25
4515|25
4516|25
4517|25
4518|25
4519|25
4520|25
4521|25
4522|25
4523|25
4524|25
4525|25
4526|25
4527|25
4528|25
4529|25
4530|25
4531|25
4532|25
4533|25
4534|25
4535|25
4536|25
4537|25
4538|25
4539|25
4540|25
4541|25
4542|25
4543|25
4544|25
4545|25
4546|25
4547|25
4548|25
4549|25
4550|25
4551|25
4552|25
4553|25
4554|25
4555|25
4556|25
4557|25
4558|25
4559|25
4560|25
4561|25
4562|25
4563|25
4564|25
4565|25
4566|25
4567|25
4568|25
4569|25
4570|25
4571|25
4572|25
4573|25
4574|25
4575|25
4576|25
4577|25
4578|25
4579|25
4580|25
4581|25
4582|25
4583|25
4584|25
4585|25
4586|25
4587|25
4588|25
4589|25
4590|25
4591|25
4592|25
4593|25
4594|25
4595|25
4596|25
4597|25
4598|25
4599|25
4600|25
4601|25
4602|25
4603|25
4604|25
4605|25
4606|25
4607|25
4608|25
4609|25
4610|25
4611|25
4612|25
4613|25
4614|25
4615|25
4616|25
4617|25
4618|25
4619|25
4620|25
4621|25
4622|25
4623|25
4624|25
4625|25
4626|25
4627|25
4628|25
4629|25
4630|25
4631|25
4632|25
4633|25
4634|25
4635|25
4636|25
4637|25
4638|25
4639|25
4640|25
4641|25
4642|25
4643|25
4644|25
4645|25
4646|25
4647|25
4648|25
4649|25
4650|25
4651|25
4652|25
4653|25
4654|25
4655|25
4656|25
4657|25
4658|25
4659|25
4660|25
4661|25
4662|25
4663|25
4664|25
4665|25
4666|25
4667|25
4668|25
4669|25
4670|25
4671|25
4672|25
4673|25
4674|25
4675|25
4676|25
4677|25
4678|25
4679|25
4680|25
4681|25
4682|25
4683|25
4684|25
4685|25
4686|25
4687|25
4688|25
4689|25
4690|25
4691|25
4692|25
4693|25
4694|25
4695|25
4696|25
4697|25
4698|25
4699|25
4700|25
4701|25
4702|25
4703|25
4704|25
4705|25
4706|25
4707|25
4708|25
4709|25
4710|25
4711|25
4712|25
4713|25
4714|25
4715|25
4716|25
4717|25
4718|25
4719|25
4720|25
4721|25
4722|25
4723|25
4724|25
4725|25
4726|25
4727|25
4728|25
4729|25
4730|25
4731|25
4732|25
4733|25
4734|25
4735|25
4736|25
4737|25
4738|25
4739|25
4740|25
4741|25
4742|25
4743|25
4744|25
4745|25
4746|25
4747|25
4748|25
4749|25
4750|25
4751|25
4752|25
4753|25
4754|25
4755|25
4756|25
4757|25
4758|25
4759|25
4760|25
4761|25
4762|25
4763|25
4764|25
4765|25
4766|25
4767|25
4768|25
4769|25
4770|25
4771|25
4772|25
4773|25
4774|25
4775|25
4776|25
4777|25
4778|25
4779|25
4780|25
4781|25
4782|25
4783|25
4784|25
4785|25
4786|25
4787|25
4788|25
4789|25
4790|25
4791|25
4792|25
4793|25
4794|25
4795|25
4796|25
4797|25
4798|25
4799|25
4800|25
4801|25
4802|25
4803|25
4804|25
4805|25
4806|25
4807|25
4808|25
4809|25
4810|25
4811|25
4812|25
4813|25
4814|25
4815|25
4816|25
4817|25
4818|25
4819|25
4820|25
4821|25
4822|25
4823|25
4824|25
4825|25
4826|25
4827|25
4828|25
4829|25
4830|25
4831|25
4832|25
4833|25
4834|25
4835|25
4836|25
4837|25
4838|25
4839|25
4840|25
4841|25
4842|25
4843|25
4844|25
4845|25
4846|25
4847|25
4848|25
4849|25
4850|25
4851|25
4852|25
4853|25
4854|25
4855|25
4856|25
4857|25
4858|25
4859|25
4860|25
4861|25
4862|25
4863|25
4864|25
4865|25
4866|25
4867|25
4868|25
4869|25
4870|25
4871|25
4872|25
4873|25
4874|25
4875|25
4876|25
4877|25
4878|25
4879|25
4880|25
4881|25
4882|25
4883|25
4884|25
4885|25
4886|25
4887|25
4888|25
4889|25
4890|25
4891|25
4892|25
4893|25
4894|25
4895|25
4896|25
4897|25
4898|24
4899|24
4900|24
4901|24
4902|24
4903|24
4904|24
4905|24
4906|24
4907|24
4908|24
4909|24
4910|24
4911|24
4912|24
4913|24
4914|24
4915|24
4916|24
4917|24
4918|24
4919|24
4920|24
4921|24
4922|24
4923|24
4924|24
4925|24
4926|24
4927|24
4928|24
4929|24
4930|24
4931|24
4932|24
4933|24
4934|24
4935|24
4936|24
4937|24
4938|24
4939|24
4940|24
4941|24
4942|24
4943|24
4944|24
4945|24
4946|24
4947|24
4948|25
4949|25
4950|25
4951|25
4952|25
4953|25
4954|25
4955|25
4956|25
4957|25
4958|25
4959|25
4960|25
4961|25
4962|25
4963|25
4964|25
4965|25
4966|25
4967|25
4968|25
4969|25
4970|25
4971|25
4972|25
4973|25
4974|25
4975|25
4976|25
4977|25
4978|25
4979|25
4980|25
4981|25
4982|25
4983|25
4984|25
4985|25
4986|25
4987|25
4988|25
4989|25
4990|25
4991|25
4992|25
4993|25
4994|25
4995|25
4996|25
4997|25
4998|25
4999|25
5000|25
