1|1
2|2
3|3
4|3
5|3
6|3
7|4
8|5
9|5
10|6
11|7
12|7
13|7
14|8
15|8
16|9
17|9
18|9
19|10
20|10
21|10
22|10
23|10
24|10
25|10
26|10
27|10
28|10
29|10
30|10
31|10
32|10
33|10
34|10
35|10
36|10
37|11
38|11
39|11
40|11
41|11
42|11
43|11
44|11
45|11
46|11
47|11
48|11
49|11
50|11
51|11
52|11
53|11
54|11
55|11
56|11
57|11
58|11
59|11
60|11
61|11
62|11
63|11
64|11
65|11
66|11
67|11
68|11
69|11
70|11
71|11
72|11
73|11
74|11
75|11
76|11
77|11
78|11
79|11
80|11
81|11
82|11
83|11
84|11
85|11
86|11
87|11
88|11
89|11
90|11
91|11
92|11
93|11
94|11
95|11
96|11
97|11
98|12
99|12
100|12
101|12
102|12
103|12
104|12
105|12
106|12
107|12
108|12
109|12
110|12
111|13
112|13
113|13
114|13
115|13
116|13
117|13
118|13
119|13
120|13
121|13
122|13
123|13
124|13
125|13
126|13
127|13
128|13
129|13
130|13
131|13
132|13
133|13
134|13
135|13
136|13
137|13
138|13
139|13
140|13
141|13
142|13
143|13
144|13
145|13
146|13
147|13
148|13
149|13
150|13
151|13
152|14
153|14
154|14
155|15
156|15
157|16
158|16
159|16
160|16
161|17
162|17
163|17
164|17
165|17
166|17
167|17
168|17
169|17
170|17
171|17
172|17
173|17
174|17
175|17
176|17
177|17
178|17
179|17
180|17
181|17
182|17
183|17
184|17
185|17
186|17
187|17
188|17
189|17
190|17
191|17
192|17
193|17
194|17
195|17
196|17
197|17
198|17
199|17
200|17
201|17
202|17
203|17
204|17
205|17
206|17
207|17
208|17
209|17
210|17
211|17
212|17
213|17
214|17
215|17
216|17
217|17
218|17
219|17
220|17
221|17
222|17
223|17
224|17
225|17
226|17
227|17
228|17
229|17
230|17
231|17
232|17
233|17
234|17
235|17
236|17
237|17
238|17
239|17
240|17
241|17
242|17
243|17
244|17
245|17
246|17
247|17
248|17
249|17
250|17
251|17
252|17
253|17
254|17
255|17
256|17
257|17
258|17
259|17
260|17
261|17
262|17
263|17
264|17
265|17
266|17
267|17
268|17
269|17
270|17
271|17
272|17
273|17
274|17
275|17
276|17
277|17
278|17
279|17
280|17
281|17
282|17
283|17
284|17
285|17
286|17
287|17
288|17
289|17
290|17
291|17
292|17
293|17
294|17
295|17
296|17
297|17
298|17
299|17
300|17
301|17
302|17
303|17
304|17
305|17
306|17
307|17
308|17
309|17
310|17
311|17
312|17
313|17
314|17
315|17
316|17
317|17
318|17
319|17
320|17
321|17
322|17
323|17
324|17
325|17
326|17
327|17
328|17
329|17
330|17
331|17
332|17
333|17
334|17
335|17
336|17
337|17
338|17
339|17
340|17
341|17
342|17
343|17
344|17
345|17
346|17
347|17
348|17
349|17
350|17
351|17
352|17
353|17
354|17
355|17
356|17
357|17
358|17
359|17
360|17
361|17
362|17
363|17
364|17
365|17
366|17
367|17
368|17
369|17
370|17
371|17
372|17
373|17
374|17
375|17
376|17
377|17
378|17
379|17
380|17
381|17
382|17
383|17
384|17
385|17
386|17
387|17
388|17
389|17
390|17
391|17
392|17
393|17
394|17
395|17
396|17
397|17
398|17
399|17
400|17
401|17
402|17
403|17
404|17
405|17
406|17
407|17
408|17
409|17
410|17
411|17
412|17
413|17
414|17
415|17
416|17
417|17
418|17
419|17
420|17
421|17
422|17
423|17
424|17
425|17
426|17
427|17
428|18
429|18
430|18
431|18
432|18
433|18
434|18
435|18
436|18
437|18
438|18
439|18
440|18
441|18
442|18
443|18
444|18
445|18
446|18
447|18
448|18
449|18
450|18
451|18
452|18
453|18
454|18
455|18
456|18
457|18
458|18
459|18
460|18
461|18
462|18
463|18
464|18
465|18
466|18
467|18
468|18
469|18
470|18
471|18
472|18
473|18
474|18
475|18
476|18
477|18
478|18
479|18
480|18
481|18
482|18
483|18
484|18
485|18
486|18
487|18
488|18
489|18
490|18
491|18
492|18
493|18
494|18
495|18
496|18
497|18
498|18
499|18
500|18
501|18
502|18
503|18
504|18
505|18
506|18
507|18
508|18
509|18
510|18
511|18
512|18
513|18
514|18
515|18
516|18
517|18
518|18
519|18
520|18
521|18
522|18
523|18
524|18
525|18
526|18
527|18
528|18
529|18
530|18
531|18
532|18
533|18
534|18
535|18
536|18
537|18
538|18
539|18
540|18
541|18
542|18
543|18
544|18
545|18
546|18
547|18
548|18
549|18
550|18
551|18
552|18
553|18
554|18
555|18
556|18
557|18
558|18
559|18
560|18
561|18
562|18
563|18
564|18
565|18
566|18
567|18
568|18
569|18
570|18
571|18
572|18
573|18
574|18
575|18
576|18
577|18
578|18
579|18
580|18
581|18
582|18
583|18
584|18
585|18
586|18
587|18
588|18
589|18
590|18
591|18
592|18
593|18
594|18
595|18
596|18
597|18
598|18
599|18
600|18
601|18
602|18
603|18
604|18
605|18
606|18
607|18
608|18
609|18
610|18
611|18
612|18
613|18
614|18
615|18
616|18
617|18
618|18
619|18
620|18
621|18
622|18
623|18
624|18
625|18
626|18
627|18
628|18
629|18
630|18
631|18
632|18
633|18
634|18
635|18
636|18
637|18
638|18
639|18
640|18
641|18
642|18
643|18
644|18
645|18
646|18
647|18
648|18
649|18
650|18
651|18
652|18
653|18
654|18
655|18
656|18
657|18
658|18
659|18
660|18
661|18
662|18
663|18
664|18
665|18
666|18
667|18
668|18
669|18
670|18
671|18
672|18
673|18
674|18
675|18
676|18
677|18
678|18
679|18
680|18
681|18
682|18
683|18
684|18
685|18
686|18
687|18
688|18
689|18
690|18
691|18
692|18
693|18
694|18
695|18
696|18
697|18
698|18
699|18
700|18
701|18
702|18
703|18
704|18
705|18
706|18
707|18
708|18
709|18
710|18
711|18
712|18
713|18
714|18
715|18
716|18
717|18
718|18
719|18
720|18
721|18
722|18
723|18
724|18
725|18
726|18
727|18
728|18
729|18
730|18
731|18
732|18
733|18
734|18
735|18
736|18
737|18
738|18
739|18
740|18
741|18
742|18
743|18
744|18
745|18
746|18
747|18
748|18
749|18
750|18
751|19
752|19
753|19
754|19
755|20
756|20
757|20
758|20
759|20
760|20
761|20
762|20
763|20
764|20
765|20
766|20
767|20
768|20
769|20
770|20
771|20
772|20
773|20
774|20
775|20
776|20
777|20
778|20
779|20
780|20
781|20
782|20
783|20
784|20
785|20
786|20
787|20
788|20
789|20
790|20
791|20
792|20
793|20
794|20
795|20
796|20
797|20
798|20
799|20
800|20
801|20
802|20
803|20
804|20
805|20
806|21
807|21
808|21
809|21
810|21
811|21
812|21
813|21
814|21
815|21
816|21
817|21
818|21
819|21
820|21
821|21
822|21
823|21
824|21
825|21
826|21
827|21
828|21
829|21
830|21
831|21
832|21
833|21
834|21
835|21
836|21
837|21
838|21
839|21
840|21
841|22
842|22
843|22
844|22
845|22
846|22
847|22
848|22
849|22
850|22
851|22
852|22
853|22
854|22
855|22
856|22
857|22
858|22
859|22
860|22
861|22
862|22
863|22
864|22
865|22
866|22
867|22
868|22
869|22
870|22
871|22
872|22
873|22
874|22
875|22
876|22
877|22
878|22
879|22
880|22
881|22
882|22
883|22
884|22
885|22
886|22
887|22
888|22
889|22
890|22
891|22
892|22
893|22
894|22
895|22
896|22
897|22
898|22
899|22
900|22
901|22
902|22
903|22
904|22
905|22
906|22
907|22
908|22
909|22
910|22
911|22
912|22
913|22
914|22
915|22
916|22
917|22
918|22
919|22
920|22
921|22
922|22
923|22
924|22
925|22
926|22
927|22
928|22
929|22
930|22
931|22
932|22
933|22
934|22
935|22
936|22
937|22
938|22
939|22
940|22
941|22
942|22
943|22
944|22
945|22
946|22
947|22
948|22
949|22
950|22
951|22
952|22
953|22
954|22
955|22
956|22
957|22
958|22
959|22
960|22
961|22
962|22
963|22
964|22
965|22
966|22
967|22
968|22
969|22
970|22
971|22
972|22
973|22
974|22
975|22
976|22
977|22
978|22
979|22
980|22
981|22
982|22
983|22
984|22
985|22
986|22
987|22
988|22
989|22
990|22
991|22
992|22
993|22
994|22
995|22
996|22
997|22
998|22
999|22
1000|22
1001|22
1002|22
1003|22
1004|22
1005|22
1006|22
1007|22
1008|22
1009|22
1010|22
1011|22
1012|22
1013|22
1014|22
1015|22
1016|22
1017|22
1018|22
1019|22
1020|22
1021|22
1022|22
1023|22
1024|22
1025|22
1026|22
1027|22
1028|22
1029|22
1030|22
1031|22
1032|22
1033|22
1034|22
1035|22
1036|22
1037|22
1038|22
1039|22
1040|22
1041|22
1042|22
1043|22
1044|22
1045|22
1046|22
1047|22
1048|22
1049|22
1050|22
1051|22
1052|22
1053|22
1054|22
1055|22
1056|22
1057|22
1058|22
1059|22
1060|22
1061|22
1062|22
1063|22
1064|22
1065|22
1066|22
1067|22
1068|22
1069|22
1070|22
1071|22
1072|22
1073|22
1074|22
1075|22
1076|22
1077|22
1078|22
1079|22
1080|22
1081|22
1082|22
1083|22
1084|22
1085|22
1086|22
1087|22
1088|22
1089|22
1090|22
1091|22
1092|22
1093|22
1094|22
1095|22
1096|22
1097|22
1098|22
1099|22
1100|22
1101|22
1102|22
1103|22
1104|22
1105|22
1106|22
1107|22
1108|22
1109|22
1110|22
1111|22
1112|22
1113|22
1114|22
1115|22
1116|22
1117|22
1118|22
1119|22
1120|22
1121|22
1122|22
1123|22
1124|22
1125|22
1126|22
1127|22
1128|22
1129|22
1130|22
1131|22
1132|22
1133|22
1134|22
1135|22
1136|22
1137|22
1138|22
1139|22
1140|22
1141|22
1142|22
1143|22
1144|22
1145|22
1146|22
1147|22
1148|22
1149|22
1150|22
1151|22
1152|22
1153|22
1154|22
1155|22
1156|22
1157|22
1158|22
1159|22
1160|22
1161|22
1162|22
1163|22
1164|22
1165|22
1166|22
1167|22
1168|22
1169|22
1170|22
1171|22
1172|22
1173|22
1174|22
1175|22
1176|22
1177|22
1178|22
1179|22
1180|22
1181|22
1182|22
1183|22
1184|22
1185|22
1186|22
1187|22
1188|22
1189|22
1190|22
1191|22
1192|22
1193|22
1194|22
1195|22
1196|23
1197|23
1198|23
1199|23
1200|23
1201|23
1202|23
1203|23
1204|23
1205|23
1206|23
1207|23
1208|23
1209|23
1210|23
1211|23
1212|23
1213|23
1214|23
1215|23
1216|23
1217|23
1218|23
1219|23
1220|23
1221|23
1222|23
1223|23
1224|23
1225|23
1226|23
1227|23
1228|23
1229|23
1230|23
1231|23
1232|23
1233|23
1234|23
1235|23
1236|23
1237|23
1238|23
1239|23
1240|23
1241|23
1242|23
1243|23
1244|23
1245|23
1246|23
1247|23
1248|23
1249|23
1250|23
1251|23
1252|23
1253|23
1254|23
1255|23
1256|23
1257|23
1258|23
1259|23
1260|23
1261|23
1262|23
1263|23
1264|23
1265|23
1266|23
1267|23
1268|23
1269|23
1270|23
1271|23
1272|23
1273|23
1274|23
1275|23
1276|23
1277|23
1278|23
1279|23
1280|23
1281|23
1282|23
1283|23
1284|23
1285|23
1286|23
1287|23
1288|23
1289|23
1290|23
1291|23
1292|23
1293|23
1294|23
1295|23
1296|23
1297|23
1298|23
1299|23
1300|23
1301|23
1302|23
1303|23
1304|23
1305|23
1306|23
1307|23
1308|23
1309|23
1310|23
1311|23
1312|23
1313|23
1314|23
1315|23
1316|23
1317|23
1318|23
1319|23
1320|23
1321|23
1322|23
1323|23
1324|23
1325|23
1326|23
1327|23
1328|23
1329|23
1330|23
1331|23
1332|23
1333|23
1334|23
1335|23
1336|23
1337|23
1338|23
1339|23
1340|23
1341|23
1342|23
1343|23
1344|23
1345|23
1346|23
1347|23
1348|23
1349|23
1350|23
1351|23
1352|23
1353|23
1354|23
1355|23
1356|23
1357|23
1358|23
1359|23
1360|23
1361|23
1362|23
1363|23
1364|23
1365|23
1366|23
1367|23
1368|23
1369|23
1370|23
1371|23
1372|23
1373|23
1374|23
1375|23
1376|23
1377|23
1378|23
1379|23
1380|23
1381|23
1382|23
1383|23
1384|23
1385|23
1386|23
1387|23
1388|23
1389|23
1390|23
1391|23
1392|23
1393|23
1394|23
1395|23
1396|23
1397|23
1398|23
1399|23
1400|23
1401|23
1402|23
1403|23
1404|23
1405|23
1406|23
1407|23
1408|23
1409|23
1410|23
1411|23
1412|23
1413|23
1414|23
1415|23
1416|23
1417|23
1418|23
1419|23
1420|23
1421|23
1422|23
1423|23
1424|23
1425|23
1426|23
1427|23
1428|23
1429|23
1430|23
1431|23
1432|23
1433|23
1434|23
1435|23
1436|23
1437|23
1438|23
1439|23
1440|23
1441|23
1442|23
1443|23
1444|23
1445|23
1446|23
1447|23
1448|23
1449|23
1450|23
1451|23
1452|23
1453|23
1454|23
1455|23
1456|23
1457|23
1458|23
1459|23
1460|23
1461|23
1462|23
1463|23
1464|23
1465|23
1466|23
1467|23
1468|23
1469|23
1470|23
1471|23
1472|23
1473|23
1474|23
1475|23
1476|23
1477|23
1478|23
1479|23
1480|23
1481|23
1482|23
1483|23
1484|23
1485|23
1486|23
1487|23
1488|23
1489|23
1490|23
1491|23
1492|23
1493|23
1494|23
1495|23
1496|23
1497|23
1498|23
1499|23
1500|23
1501|23
1502|23
1503|23
1504|23
1505|23
1506|23
1507|23
1508|23
1509|23
1510|23
1511|23
1512|23
1513|23
1514|23
1515|23
1516|23
1517|23
1518|23
1519|23
1520|23
1521|23
1522|23
1523|23
1524|23
1525|23
1526|23
1527|23
1528|23
1529|23
1530|23
1531|23
1532|23
1533|23
1534|23
1535|23
1536|23
1537|23
1538|23
1539|23
1540|23
1541|23
1542|23
1543|23
1544|23
1545|23
1546|23
1547|23
1548|23
1549|23
1550|23
1551|23
1552|23
1553|23
1554|23
1555|23
1556|23
1557|23
1558|23
1559|23
1560|23
1561|23
1562|23
1563|23
1564|23
1565|23
1566|23
1567|23
1568|23
1569|23
1570|23
1571|23
1572|23
1573|23
1574|23
1575|23
1576|23
1577|23
1578|23
1579|23
1580|23
1581|23
1582|23
1583|23
1584|23
1585|23
1586|23
1587|23
1588|23
1589|23
1590|23
1591|23
1592|23
1593|23
1594|23
1595|23
1596|23
1597|23
1598|23
1599|23
1600|23
1601|23
1602|23
1603|23
1604|23
1605|23
1606|23
1607|23
1608|23
1609|23
1610|23
1611|23
1612|23
1613|23
1614|23
1615|23
1616|23
1617|23
1618|23
1619|23
1620|23
1621|23
1622|23
1623|23
1624|23
1625|23
1626|23
1627|23
1628|23
1629|23
1630|23
1631|23
1632|23
1633|23
1634|23
1635|23
1636|23
1637|23
1638|23
1639|23
1640|23
1641|23
1642|23
1643|23
1644|23
1645|23
1646|23
1647|23
1648|23
1649|23
1650|23
1651|23
1652|23
1653|23
1654|23
1655|23
1656|23
1657|23
1658|23
1659|23
1660|23
1661|23
1662|23
1663|23
1664|23
1665|23
1666|23
1667|23
1668|23
1669|23
1670|23
1671|23
1672|23
1673|23
1674|23
1675|23
1676|24
1677|24
1678|24
1679|24
1680|24
1681|24
1682|24
1683|24
1684|24
1685|24
1686|24
1687|24
1688|24
1689|24
1690|24
1691|24
1692|24
1693|24
1694|24
1695|24
1696|24
1697|24
1698|24
1699|24
1700|24
1701|24
1702|24
1703|24
1704|24
1705|24
1706|24
1707|24
1708|24
1709|24
1710|24
1711|24
1712|24
1713|24
1714|24
1715|24
1716|24
1717|24
1718|24
1719|24
1720|24
1721|24
1722|24
1723|24
1724|24
1725|24
1726|24
1727|24
1728|24
1729|24
1730|24
1731|24
1732|24
1733|24
1734|24
1735|24
1736|24
1737|24
1738|24
1739|24
1740|24
1741|24
1742|24
1743|24
1744|24
1745|24
1746|24
1747|24
1748|24
1749|24
1750|24
1751|24
1752|24
1753|24
1754|24
1755|24
1756|24
1757|24
1758|24
1759|24
1760|24
1761|24
1762|24
1763|24
1764|24
1765|24
1766|24
1767|24
1768|24
1769|24
1770|24
1771|24
1772|24
1773|24
1774|24
1775|24
1776|24
1777|24
1778|24
1779|24
1780|24
1781|24
1782|24
1783|24
1784|24
1785|24
1786|24
1787|24
1788|24
1789|24
1790|24
1791|24
1792|24
1793|24
1794|24
1795|24
1796|24
1797|24
1798|24
1799|24
1800|24
1801|24
1802|24
1803|24
1804|24
1805|24
1806|24
1807|24
1808|24
1809|24
1810|24
1811|24
1812|24
1813|24
1814|24
1815|24
1816|24
1817|24
1818|24
1819|24
1820|24
1821|24
1822|24
1823|24
1824|24
1825|24
1826|24
1827|24
1828|24
1829|24
1830|24
1831|24
1832|24
1833|24
1834|24
1835|24
1836|24
1837|24
1838|24
1839|24
1840|24
1841|24
1842|24
1843|24
1844|24
1845|24
1846|24
1847|24
1848|24
1849|24
1850|24
1851|24
1852|24
1853|24
1854|24
1855|24
1856|24
1857|24
1858|24
1859|24
1860|24
1861|24
1862|24
1863|24
1864|24
1865|24
1866|24
1867|24
1868|25
1869|25
1870|25
1871|25
1872|25
1873|25
1874|25
1875|25
1876|25
1877|25
1878|25
1879|25
1880|25
1881|25
1882|25
1883|25
1884|25
1885|25
1886|25
1887|25
1888|25
1889|25
1890|25
1891|25
1892|25
1893|25
1894|25
1895|25
1896|25
1897|25
1898|25
1899|25
1900|25
1901|25
1902|25
1903|25
1904|25
1905|25
1906|25
1907|25
1908|25
1909|25
1910|25
1911|25
1912|25
1913|25
1914|25
1915|25
1916|25
1917|25
1918|25
1919|25
1920|25
1921|25
1922|25
1923|25
1924|25
1925|25
1926|25
1927|25
1928|25
1929|25
1930|26
1931|26
1932|26
1933|26
1934|26
1935|26
1936|26
1937|26
1938|26
1939|26
1940|26
1941|26
1942|26
1943|26
1944|26
1945|26
1946|26
1947|26
1948|26
1949|26
1950|26
1951|26
1952|26
1953|26
1954|26
1955|26
1956|26
1957|26
1958|26
1959|26
1960|26
1961|26
1962|26
1963|26
1964|26
1965|26
1966|26
1967|26
1968|26
1969|26
1970|26
1971|26
1972|26
1973|26
1974|26
1975|26
1976|26
1977|26
1978|26
1979|26
1980|26
1981|26
1982|26
1983|26
1984|26
1985|26
1986|26
1987|26
1988|27
1989|27
1990|27
1991|27
1992|27
1993|27
1994|27
1995|27
1996|27
1997|27
1998|27
1999|27
2000|27
2001|27
2002|28
2003|28
2004|28
2005|28
2006|28
2007|28
2008|28
2009|28
2010|28
2011|28
2012|28
2013|28
2014|28
2015|28
2016|28
2017|28
2018|28
2019|28
2020|28
2021|28
2022|28
2023|28
2024|28
2025|28
2026|28
2027|28
2028|28
2029|28
2030|28
2031|28
2032|28
2033|28
2034|28
2035|28
2036|28
2037|28
2038|28
2039|28
2040|28
2041|28
2042|28
2043|28
2044|28
2045|28
2046|28
2047|28
2048|28
2049|28
2050|28
2051|28
2052|28
2053|28
2054|28
2055|28
2056|28
2057|28
2058|28
2059|28
2060|28
2061|28
2062|28
2063|28
2064|28
2065|28
2066|28
2067|28
2068|28
2069|28
2070|28
2071|28
2072|28
2073|28
2074|28
2075|28
2076|28
2077|28
2078|28
2079|28
2080|28
2081|28
2082|28
2083|28
2084|28
2085|28
2086|28
2087|28
2088|28
2089|28
2090|28
2091|28
2092|28
2093|28
2094|28
2095|28
2096|28
2097|28
2098|28
2099|28
2100|28
2101|28
2102|28
2103|28
2104|28
2105|28
2106|28
2107|28
2108|28
2109|28
2110|28
2111|28
2112|28
2113|28
2114|28
2115|28
2116|28
2117|28
2118|28
2119|28
2120|28
2121|28
2122|28
2123|28
2124|28
2125|28
2126|28
2127|28
2128|28
2129|28
2130|28
2131|28
2132|28
2133|28
2134|28
2135|28
2136|28
2137|28
2138|28
2139|28
2140|28
2141|28
2142|28
2143|28
2144|28
2145|28
2146|28
2147|28
2148|28
2149|28
2150|28
2151|28
2152|28
2153|28
2154|28
2155|28
2156|28
2157|28
2158|28
2159|28
2160|28
2161|28
2162|28
2163|28
2164|28
2165|28
2166|28
2167|28
2168|28
2169|28
2170|28
2171|28
2172|28
2173|28
2174|28
2175|28
2176|28
2177|28
2178|28
2179|28
2180|28
2181|28
2182|28
2183|28
2184|28
2185|28
2186|28
2187|28
2188|28
2189|28
2190|28
2191|28
2192|28
2193|28
2194|28
2195|28
2196|28
2197|28
2198|28
2199|28
2200|28
2201|28
2202|28
2203|28
2204|28
2205|28
2206|28
2207|28
2208|28
2209|28
2210|28
2211|28
2212|28
2213|28
2214|28
2215|28
2216|28
2217|28
2218|28
2219|28
2220|28
2221|28
2222|28
2223|28
2224|28
2225|28
2226|28
2227|28
2228|28
2229|28
2230|28
2231|28
2232|28
2233|28
2234|28
2235|28
2236|28
2237|28
2238|28
2239|28
2240|28
2241|28
2242|28
2243|28
2244|28
2245|28
2246|28
2247|29
2248|29
2249|29
2250|29
2251|29
2252|29
2253|29
2254|29
2255|29
2256|29
2257|29
2258|29
2259|29
2260|29
2261|29
2262|29
2263|29
2264|29
2265|29
2266|29
2267|29
2268|29
2269|29
2270|29
2271|29
2272|29
2273|29
2274|29
2275|29
2276|29
2277|29
2278|29
2279|29
2280|29
2281|29
2282|29
2283|29
2284|29
2285|29
2286|29
2287|29
2288|29
2289|29
2290|29
2291|29
2292|29
2293|29
2294|29
2295|29
2296|29
2297|29
2298|29
2299|29
2300|29
2301|29
2302|29
2303|29
2304|29
2305|29
2306|29
2307|29
2308|29
2309|29
2310|29
2311|29
2312|29
2313|29
2314|29
2315|29
2316|29
2317|29
2318|29
2319|29
2320|29
2321|29
2322|29
2323|29
2324|29
2325|29
2326|29
2327|29
2328|29
2329|29
2330|29
2331|29
2332|29
2333|29
2334|29
2335|29
2336|29
2337|29
2338|29
2339|29
2340|29
2341|29
2342|29
2343|29
2344|29
2345|29
2346|29
2347|29
2348|29
2349|29
2350|29
2351|29
2352|29
2353|29
2354|29
2355|29
2356|29
2357|29
2358|29
2359|29
2360|29
2361|29
2362|29
2363|29
2364|29
2365|29
2366|29
2367|29
2368|29
2369|29
2370|29
2371|29
2372|29
2373|29
2374|29
2375|29
2376|29
2377|29
2378|29
2379|29
2380|29
2381|29
2382|29
2383|29
2384|29
2385|29
2386|29
2387|29
2388|29
2389|29
2390|29
2391|29
2392|29
2393|29
2394|29
2395|29
2396|29
2397|29
2398|29
2399|29
2400|29
2401|29
2402|29
2403|29
2404|29
2405|29
2406|29
2407|29
2408|29
2409|29
2410|29
2411|29
2412|29
2413|29
2414|29
2415|29
2416|29
2417|29
2418|29
2419|29
2420|29
2421|29
2422|29
2423|29
2424|29
2425|29
2426|29
2427|29
2428|29
2429|29
2430|29
2431|29
2432|29
2433|29
2434|29
2435|29
2436|29
2437|29
2438|29
2439|29
2440|29
2441|29
2442|29
2443|29
2444|29
2445|29
2446|29
2447|29
2448|29
2449|29
2450|29
2451|29
2452|29
2453|29
2454|29
2455|29
2456|29
2457|29
2458|29
2459|29
2460|29
2461|29
2462|29
2463|29
2464|29
2465|29
2466|29
2467|29
2468|29
2469|29
2470|29
2471|29
2472|29
2473|29
2474|29
2475|29
2476|29
2477|29
2478|29
2479|29
2480|29
2481|29
2482|29
2483|29
2484|29
2485|29
2486|29
2487|29
2488|29
2489|29
2490|29
2491|29
2492|29
2493|29
2494|29
2495|29
2496|29
2497|29
2498|29
2499|29
2500|29
2501|29
2502|29
2503|29
2504|29
2505|29
2506|29
2507|29
2508|29
2509|29
2510|29
2511|29
2512|29
2513|29
2514|29
2515|29
2516|29
2517|29
2518|29
2519|29
2520|29
2521|29
2522|29
2523|29
2524|29
2525|29
2526|29
2527|29
2528|29
2529|29
2530|29
2531|29
2532|29
2533|29
2534|29
2535|29
2536|29
2537|29
2538|29
2539|29
2540|29
2541|29
2542|29
2543|29
2544|29
2545|29
2546|29
2547|29
2548|29
2549|29
2550|29
2551|29
2552|29
2553|29
2554|29
2555|29
2556|29
2557|29
2558|29
2559|29
2560|29
2561|29
2562|29
2563|29
2564|29
2565|29
2566|29
2567|29
2568|29
2569|29
2570|29
2571|29
2572|29
2573|29
2574|29
2575|29
2576|29
2577|29
2578|29
2579|29
2580|29
2581|29
2582|29
2583|29
2584|29
2585|29
2586|29
2587|29
2588|29
2589|29
2590|29
2591|29
2592|29
2593|29
2594|29
2595|29
2596|29
2597|29
2598|29
2599|29
2600|29
2601|29
2602|29
2603|29
2604|29
2605|29
2606|29
2607|29
2608|29
2609|29
2610|29
2611|29
2612|29
2613|29
2614|29
2615|29
2616|29
2617|29
2618|29
2619|29
2620|29
2621|29
2622|29
2623|29
2624|29
2625|29
2626|29
2627|29
2628|29
2629|29
2630|29
2631|29
2632|29
2633|29
2634|29
2635|29
2636|29
2637|29
2638|29
2639|29
2640|29
2641|29
2642|29
2643|29
2644|29
2645|29
2646|29
2647|29
2648|29
2649|29
2650|29
2651|29
2652|29
2653|29
2654|29
2655|29
2656|29
2657|29
2658|29
2659|29
2660|29
2661|29
2662|29
2663|29
2664|29
2665|29
2666|29
2667|29
2668|29
2669|29
2670|29
2671|29
2672|29
2673|29
2674|29
2675|29
2676|29
2677|29
2678|29
2679|29
2680|29
2681|29
2682|29
2683|29
2684|29
2685|29
2686|29
2687|29
2688|29
2689|29
2690|29
2691|29
2692|29
2693|29
2694|29
2695|29
2696|29
2697|29
2698|29
2699|29
2700|29
2701|29
2702|29
2703|29
2704|29
2705|29
2706|29
2707|29
2708|29
2709|29
2710|29
2711|29
2712|29
2713|29
2714|29
2715|29
2716|29
2717|29
2718|29
2719|29
2720|29
2721|29
2722|29
2723|29
2724|29
2725|29
2726|29
2727|29
2728|29
2729|29
2730|29
2731|29
2732|29
2733|29
2734|29
2735|29
2736|29
2737|29
2738|29
2739|29
2740|29
2741|29
2742|29
2743|29
2744|29
2745|29
2746|29
2747|29
2748|29
2749|29
2750|29
2751|29
2752|29
2753|29
2754|29
2755|29
2756|29
2757|29
2758|29
2759|29
2760|29
2761|29
2762|29
2763|29
2764|29
2765|29
2766|29
2767|29
2768|29
2769|29
2770|29
2771|29
2772|29
2773|29
2774|29
2775|29
2776|29
2777|29
2778|29
2779|29
2780|29
2781|29
2782|29
2783|29
2784|29
2785|29
2786|29
2787|29
2788|29
2789|29
2790|29
2791|29
2792|29
2793|29
2794|29
2795|29
2796|29
2797|29
2798|29
2799|29
2800|29
2801|29
2802|29
2803|29
2804|29
2805|29
2806|29
2807|29
2808|29
2809|29
2810|29
2811|29
2812|29
2813|29
2814|29
2815|29
2816|29
2817|29
2818|29
2819|29
2820|29
2821|29
2822|29
2823|29
2824|29
2825|29
2826|29
2827|29
2828|29
2829|29
2830|29
2831|29
2832|29
2833|29
2834|29
2835|29
2836|29
2837|29
2838|29
2839|29
2840|29
2841|29
2842|29
2843|29
2844|29
2845|29
2846|29
2847|29
2848|29
2849|29
2850|29
2851|29
2852|29
2853|29
2854|29
2855|29
2856|29
2857|29
2858|29
2859|29
2860|29
2861|29
2862|29
2863|29
2864|29
2865|29
2866|29
2867|29
2868|29
2869|29
2870|29
2871|29
2872|29
2873|29
2874|29
2875|29
2876|29
2877|29
2878|29
2879|29
2880|29
2881|29
2882|29
2883|29
2884|29
2885|29
2886|29
2887|29
2888|29
2889|29
2890|29
2891|29
2892|29
2893|29
2894|29
2895|29
2896|29
2897|29
2898|29
2899|29
2900|29
2901|29
2902|29
2903|29
2904|29
2905|29
2906|29
2907|29
2908|29
2909|29
2910|29
2911|29
2912|29
2913|29
2914|29
2915|29
2916|29
2917|29
2918|29
2919|29
2920|29
2921|29
2922|29
2923|29
2924|29
2925|29
2926|29
2927|29
2928|29
2929|29
2930|29
2931|29
2932|29
2933|29
2934|29
2935|29
2936|29
2937|29
2938|29
2939|29
2940|29
2941|29
2942|29
2943|29
2944|29
2945|29
2946|29
2947|29
2948|29
2949|29
2950|29
2951|29
2952|29
2953|29
2954|29
2955|29
2956|29
2957|29
2958|29
2959|29
2960|29
2961|29
2962|29
2963|29
2964|29
2965|29
2966|29
2967|29
2968|29
2969|29
2970|29
2971|29
2972|29
2973|29
2974|29
2975|29
2976|29
2977|29
2978|29
2979|29
2980|29
2981|29
2982|29
2983|29
2984|29
2985|29
2986|29
2987|29
2988|29
2989|29
2990|29
2991|29
2992|29
2993|29
2994|29
2995|29
2996|29
2997|29
2998|29
2999|29
3000|29
3001|29
3002|29
3003|29
3004|29
3005|29
3006|29
3007|29
3008|29
3009|29
3010|29
3011|29
3012|29
3013|29
3014|29
3015|29
3016|29
3017|29
3018|29
3019|29
3020|29
3021|29
3022|29
3023|29
3024|29
3025|29
3026|29
3027|29
3028|29
3029|29
3030|29
3031|29
3032|29
3033|29
3034|29
3035|29
3036|29
3037|29
3038|29
3039|29
3040|29
3041|29
3042|29
3043|29
3044|29
3045|29
3046|29
3047|29
3048|29
3049|29
3050|29
3051|29
3052|29
3053|29
3054|29
3055|29
3056|29
3057|29
3058|29
3059|29
3060|29
3061|29
3062|29
3063|29
3064|29
3065|29
3066|29
3067|29
3068|29
3069|29
3070|29
3071|29
3072|29
3073|29
3074|29
3075|29
3076|29
3077|29
3078|29
3079|29
3080|29
3081|29
3082|29
3083|29
3084|29
3085|29
3086|29
3087|29
3088|29
3089|29
3090|29
3091|29
3092|29
3093|29
3094|29
3095|29
3096|29
3097|29
3098|29
3099|29
3100|29
3101|29
3102|29
3103|29
3104|29
3105|29
3106|29
3107|29
3108|29
3109|29
3110|29
3111|29
3112|29
3113|29
3114|29
3115|29
3116|29
3117|29
3118|29
3119|29
3120|29
3121|29
3122|29
3123|29
3124|29
3125|29
3126|29
3127|29
3128|29
3129|29
3130|29
3131|29
3132|29
3133|29
3134|29
3135|29
3136|29
3137|29
3138|29
3139|29
3140|29
3141|29
3142|29
3143|29
3144|29
3145|29
3146|29
3147|29
3148|29
3149|29
3150|29
3151|29
3152|29
3153|29
3154|29
3155|29
3156|29
3157|29
3158|29
3159|29
3160|29
3161|29
3162|29
3163|29
3164|29
3165|29
3166|29
3167|29
3168|29
3169|29
3170|29
3171|29
3172|29
3173|29
3174|29
3175|29
3176|29
3177|29
3178|29
3179|29
3180|29
3181|29
3182|29
3183|29
3184|29
3185|29
3186|29
3187|29
3188|29
3189|29
3190|29
3191|29
3192|29
3193|29
3194|29
3195|29
3196|29
3197|29
3198|29
3199|29
3200|29
3201|29
3202|29
3203|29
3204|29
3205|29
3206|29
3207|29
3208|29
3209|29
3210|29
3211|29
3212|29
3213|29
3214|29
3215|29
3216|29
3217|29
3218|29
3219|29
3220|29
3221|29
3222|29
3223|29
3224|29
3225|29
3226|29
3227|29
3228|29
3229|29
3230|29
3231|29
3232|29
3233|29
3234|29
3235|29
3236|29
3237|29
3238|29
3239|29
3240|29
3241|29
3242|29
3243|29
3244|29
3245|29
3246|29
3247|29
3248|29
3249|29
3250|29
3251|29
3252|29
3253|29
3254|29
3255|29
3256|29
3257|29
3258|29
3259|29
3260|29
3261|29
3262|29
3263|29
3264|29
3265|29
3266|29
3267|29
3268|29
3269|29
3270|29
3271|29
3272|29
3273|29
3274|29
3275|29
3276|29
3277|29
3278|29
3279|29
3280|29
3281|29
3282|29
3283|29
3284|29
3285|29
3286|29
3287|29
3288|29
3289|29
3290|29
3291|29
3292|29
3293|29
3294|29
3295|29
3296|29
3297|29
3298|29
3299|29
3300|29
3301|29
3302|29
3303|29
3304|29
3305|29
3306|29
3307|29
3308|29
3309|29
3310|29
3311|29
3312|29
3313|29
3314|29
3315|29
3316|29
3317|29
3318|29
3319|29
3320|29
3321|29
3322|29
3323|29
3324|29
3325|29
3326|29
3327|29
3328|29
3329|29
3330|29
3331|29
3332|29
3333|29
3334|29
3335|29
3336|29
3337|29
3338|29
3339|29
3340|29
3341|29
3342|29
3343|29
3344|29
3345|29
3346|29
3347|29
3348|29
3349|29
3350|29
3351|29
3352|29
3353|29
3354|29
3355|29
3356|29
3357|29
3358|29
3359|29
3360|29
3361|29
3362|29
3363|29
3364|29
3365|29
3366|29
3367|29
3368|29
3369|29
3370|29
3371|29
3372|29
3373|29
3374|29
3375|29
3376|29
3377|29
3378|29
3379|29
3380|29
3381|29
3382|29
3383|29
3384|29
3385|29
3386|29
3387|29
3388|29
3389|29
3390|29
3391|29
3392|29
3393|29
3394|29
3395|29
3396|29
3397|29
3398|29
3399|29
3400|29
3401|29
3402|29
3403|29
3404|29
3405|29
3406|29
3407|29
3408|29
3409|29
3410|29
3411|29
3412|29
3413|29
3414|29
3415|29
3416|29
3417|29
3418|29
3419|29
3420|29
3421|29
3422|29
3423|29
3424|29
3425|29
3426|29
3427|29
3428|29
3429|29
3430|29
3431|29
3432|29
3433|29
3434|29
3435|29
3436|29
3437|29
3438|29
3439|29
3440|29
3441|29
3442|29
3443|29
3444|29
3445|29
3446|29
3447|29
3448|29
3449|29
3450|29
3451|29
3452|29
3453|29
3454|29
3455|29
3456|29
3457|29
3458|29
3459|29
3460|29
3461|29
3462|29
3463|29
3464|29
3465|29
3466|29
3467|29
3468|29
3469|29
3470|29
3471|29
3472|29
3473|29
3474|29
3475|29
3476|29
3477|29
3478|29
3479|29
3480|29
3481|29
3482|29
3483|29
3484|29
3485|29
3486|29
3487|29
3488|29
3489|29
3490|29
3491|29
3492|29
3493|29
3494|29
3495|29
3496|29
3497|29
3498|29
3499|29
3500|29
3501|29
3502|29
3503|29
3504|29
3505|29
3506|29
3507|29
3508|29
3509|29
3510|29
3511|29
3512|29
3513|29
3514|29
3515|29
3516|29
3517|29
3518|29
3519|29
3520|29
3521|29
3522|29
3523|29
3524|29
3525|29
3526|29
3527|29
3528|29
3529|29
3530|29
3531|29
3532|29
3533|29
3534|29
3535|29
3536|29
3537|29
3538|29
3539|29
3540|29
3541|29
3542|29
3543|29
3544|29
3545|29
3546|29
3547|29
3548|29
3549|29
3550|29
3551|29
3552|29
3553|29
3554|29
3555|29
3556|29
3557|29
3558|29
3559|29
3560|29
3561|29
3562|29
3563|29
3564|29
3565|29
3566|29
3567|29
3568|29
3569|29
3570|29
3571|29
3572|29
3573|29
3574|29
3575|29
3576|29
3577|29
3578|29
3579|29
3580|29
3581|29
3582|29
3583|29
3584|29
3585|29
3586|29
3587|29
3588|29
3589|29
3590|29
3591|29
3592|29
3593|29
3594|29
3595|29
3596|29
3597|29
3598|29
3599|29
3600|29
3601|29
3602|29
3603|29
3604|29
3605|29
3606|29
3607|29
3608|29
3609|29
3610|29
3611|29
3612|29
3613|29
3614|29
3615|29
3616|29
3617|29
3618|29
3619|29
3620|29
3621|29
3622|29
3623|29
3624|29
3625|29
3626|29
3627|29
3628|29
3629|29
3630|29
3631|29
3632|29
3633|29
3634|29
3635|29
3636|29
3637|29
3638|29
3639|29
3640|29
3641|29
3642|29
3643|29
3644|29
3645|29
3646|29
3647|29
3648|29
3649|29
3650|29
3651|29
3652|29
3653|29
3654|29
3655|29
3656|29
3657|29
3658|29
3659|29
3660|29
3661|29
3662|29
3663|29
3664|29
3665|29
3666|29
3667|29
3668|29
3669|29
3670|29
3671|29
3672|29
3673|29
3674|29
3675|29
3676|29
3677|29
3678|29
3679|29
3680|29
3681|29
3682|29
3683|29
3684|29
3685|29
3686|29
3687|29
3688|29
3689|29
3690|29
3691|29
3692|29
3693|29
3694|29
3695|29
3696|29
3697|29
3698|29
3699|29
3700|29
3701|29
3702|29
3703|29
3704|29
3705|29
3706|29
3707|29
3708|29
3709|29
3710|29
3711|29
3712|29
3713|29
3714|29
3715|29
3716|29
3717|29
3718|29
3719|29
3720|29
3721|29
3722|29
3723|29
3724|29
3725|29
3726|29
3727|29
3728|29
3729|29
3730|29
3731|29
3732|29
3733|29
3734|29
3735|29
3736|29
3737|29
3738|29
3739|29
3740|29
3741|29
3742|29
3743|29
3744|29
3745|29
3746|29
3747|29
3748|29
3749|29
3750|29
3751|29
3752|29
3753|29
3754|29
3755|29
3756|29
3757|29
3758|29
3759|29
3760|29
3761|29
3762|29
3763|29
3764|29
3765|29
3766|29
3767|29
3768|29
3769|29
3770|29
3771|29
3772|29
3773|29
3774|29
3775|29
3776|29
3777|29
3778|29
3779|29
3780|29
3781|29
3782|29
3783|29
3784|29
3785|29
3786|29
3787|29
3788|29
3789|29
3790|29
3791|29
3792|29
3793|29
3794|29
3795|29
3796|29
3797|29
3798|29
3799|29
3800|29
3801|29
3802|29
3803|29
3804|29
3805|29
3806|29
3807|29
3808|29
3809|29
3810|29
3811|29
3812|29
3813|29
3814|29
3815|29
3816|29
3817|29
3818|29
3819|29
3820|29
3821|29
3822|29
3823|29
3824|29
3825|29
3826|29
3827|29
3828|29
3829|29
3830|29
3831|29
3832|29
3833|29
3834|29
3835|29
3836|29
3837|29
3838|29
3839|29
3840|29
3841|29
3842|29
3843|29
3844|29
3845|29
3846|29
3847|29
3848|29
3849|29
3850|29
3851|29
3852|29
3853|29
3854|29
3855|29
3856|29
3857|29
3858|29
3859|29
3860|29
3861|29
3862|29
3863|29
3864|29
3865|29
3866|29
3867|29
3868|29
3869|29
3870|29
3871|29
3872|29
3873|29
3874|29
3875|29
3876|29
3877|29
3878|29
3879|29
3880|29
3881|29
3882|29
3883|29
3884|29
3885|29
3886|29
3887|29
3888|29
3889|29
3890|29
3891|29
3892|29
3893|29
3894|29
3895|29
3896|29
3897|29
3898|29
3899|29
3900|29
3901|29
3902|29
3903|29
3904|29
3905|29
3906|29
3907|29
3908|29
3909|29
3910|29
3911|29
3912|29
3913|29
3914|29
3915|29
3916|29
3917|29
3918|29
3919|29
3920|29
3921|29
3922|29
3923|29
3924|29
3925|29
3926|29
3927|29
3928|29
3929|29
3930|29
3931|29
3932|29
3933|29
3934|29
3935|29
3936|29
3937|29
3938|29
3939|29
3940|29
3941|29
3942|29
3943|29
3944|29
3945|29
3946|29
3947|29
3948|29
3949|29
3950|29
3951|29
3952|29
3953|29
3954|29
3955|29
3956|29
3957|29
3958|29
3959|29
3960|29
3961|29
3962|29
3963|29
3964|29
3965|29
3966|29
3967|29
3968|29
3969|29
3970|29
3971|29
3972|29
3973|29
3974|29
3975|29
3976|29
3977|29
3978|29
3979|29
3980|29
3981|29
3982|29
3983|29
3984|29
3985|29
3986|29
3987|29
3988|29
3989|29
3990|29
3991|29
3992|29
3993|29
3994|29
3995|29
3996|29
3997|29
3998|29
3999|29
4000|29
4001|29
4002|29
4003|29
4004|29
4005|29
4006|29
4007|29
4008|29
4009|29
4010|29
4011|29
4012|29
4013|29
4014|29
4015|29
4016|29
4017|29
4018|29
4019|29
4020|29
4021|29
4022|29
4023|29
4024|29
4025|29
4026|29
4027|29
4028|29
4029|29
4030|29
4031|29
4032|29
4033|29
4034|29
4035|29
4036|29
4037|29
4038|29
4039|29
4040|29
4041|29
4042|29
4043|29
4044|29
4045|29
4046|29
4047|29
4048|29
4049|29
4050|29
4051|29
4052|29
4053|29
4054|29
4055|29
4056|29
4057|29
4058|29
4059|29
4060|29
4061|29
4062|29
4063|29
4064|29
4065|29
4066|29
4067|29
4068|29
4069|29
4070|29
4071|29
4072|29
4073|29
4074|29
4075|29
4076|29
4077|29
4078|29
4079|29
4080|29
4081|29
4082|29
4083|29
4084|29
4085|29
4086|29
4087|29
4088|29
4089|29
4090|29
4091|29
4092|29
4093|29
4094|29
4095|29
4096|29
4097|29
4098|29
4099|29
4100|29
4101|29
4102|29
4103|29
4104|29
4105|29
4106|29
4107|29
4108|29
4109|29
4110|29
4111|29
4112|29
4113|29
4114|29
4115|29
4116|29
4117|29
4118|29
4119|29
4120|29
4121|29
4122|29
4123|29
4124|29
4125|29
4126|29
4127|29
4128|29
4129|29
4130|29
4131|29
4132|29
4133|29
4134|29
4135|29
4136|29
4137|29
4138|29
4139|29
4140|29
4141|29
4142|29
4143|29
4144|29
4145|29
4146|29
4147|29
4148|29
4149|29
4150|29
4151|29
4152|29
4153|29
4154|29
4155|29
4156|29
4157|29
4158|29
4159|29
4160|29
4161|29
4162|29
4163|29
4164|29
4165|29
4166|29
4167|29
4168|29
4169|29
4170|29
4171|29
4172|29
4173|29
4174|29
4175|29
4176|29
4177|29
4178|29
4179|29
4180|29
4181|29
4182|29
4183|29
4184|29
4185|29
4186|29
4187|29
4188|29
4189|29
4190|29
4191|29
4192|29
4193|29
4194|29
4195|29
4196|29
4197|29
4198|29
4199|29
4200|29
4201|29
4202|29
4203|29
4204|29
4205|29
4206|29
4207|29
4208|29
4209|29
4210|29
4211|29
4212|29
4213|29
4214|29
4215|29
4216|29
4217|29
4218|29
4219|29
4220|29
4221|29
4222|29
4223|29
4224|29
4225|29
4226|29
4227|29
4228|29
4229|29
4230|29
4231|29
4232|29
4233|29
4234|29
4235|29
4236|29
4237|29
4238|29
4239|29
4240|29
4241|29
4242|29
4243|29
4244|29
4245|29
4246|29
4247|29
4248|29
4249|29
4250|29
4251|29
4252|29
4253|29
4254|29
4255|29
4256|29
4257|29
4258|29
4259|29
4260|29
4261|29
4262|29
4263|29
4264|29
4265|29
4266|29
4267|29
4268|29
4269|29
4270|29
4271|29
4272|29
4273|29
4274|29
4275|29
4276|29
4277|29
4278|29
4279|29
4280|29
4281|29
4282|29
4283|29
4284|29
4285|29
4286|29
4287|29
4288|29
4289|29
4290|29
4291|29
4292|29
4293|29
4294|29
4295|29
4296|29
4297|29
4298|29
4299|29
4300|29
4301|29
4302|29
4303|29
4304|29
4305|29
4306|29
4307|29
4308|29
4309|29
4310|29
4311|29
4312|29
4313|29
4314|29
4315|29
4316|29
4317|29
4318|29
4319|29
4320|29
4321|29
4322|29
4323|29
4324|29
4325|29
4326|29
4327|29
4328|29
4329|29
4330|29
4331|29
4332|29
4333|29
4334|29
4335|29
4336|29
4337|29
4338|29
4339|29
4340|29
4341|29
4342|29
4343|29
4344|29
4345|29
4346|29
4347|29
4348|29
4349|29
4350|29
4351|29
4352|29
4353|29
4354|29
4355|29
4356|29
4357|29
4358|29
4359|29
4360|29
4361|29
4362|29
4363|29
4364|29
4365|29
4366|29
4367|29
4368|29
4369|29
4370|29
4371|29
4372|29
4373|29
4374|29
4375|29
4376|29
4377|29
4378|29
4379|29
4380|29
4381|29
4382|29
4383|29
4384|29
4385|29
4386|29
4387|29
4388|29
4389|29
4390|29
4391|29
4392|29
4393|29
4394|29
4395|29
4396|29
4397|29
4398|29
4399|29
4400|29
4401|29
4402|29
4403|29
4404|29
4405|29
4406|29
4407|29
4408|29
4409|29
4410|29
4411|29
4412|29
4413|29
4414|29
4415|29
4416|29
4417|29
4418|29
4419|29
4420|29
4421|29
4422|29
4423|29
4424|29
4425|29
4426|29
4427|29
4428|29
4429|29
4430|29
4431|29
4432|29
4433|29
4434|29
4435|29
4436|29
4437|29
4438|29
4439|29
4440|29
4441|29
4442|29
4443|29
4444|29
4445|29
4446|29
4447|29
4448|29
4449|29
4450|29
4451|29
4452|29
4453|29
4454|29
4455|29
4456|29
4457|29
4458|29
4459|29
4460|29
4461|29
4462|29
4463|29
4464|29
4465|29
4466|29
4467|29
4468|29
4469|29
4470|29
4471|29
4472|29
4473|29
4474|29
4475|29
4476|29
4477|29
4478|29
4479|29
4480|29
4481|29
4482|29
4483|29
4484|29
4485|29
4486|29
4487|29
4488|29
4489|29
4490|29
4491|29
4492|29
4493|29
4494|29
4495|29
4496|29
4497|29
4498|29
4499|29
4500|29
4501|29
4502|29
4503|29
4504|29
4505|29
4506|29
4507|29
4508|29
4509|29
4510|29
4511|29
4512|29
4513|29
4514|29
4515|29
4516|29
4517|29
4518|29
4519|29
4520|29
4521|29
4522|29
4523|29
4524|29
4525|29
4526|29
4527|29
4528|29
4529|29
4530|29
4531|29
4532|29
4533|29
4534|29
4535|29
4536|29
4537|29
4538|29
4539|29
4540|29
4541|29
4542|29
4543|29
4544|29
4545|29
4546|29
4547|29
4548|29
4549|29
4550|29
4551|29
4552|29
4553|29
4554|29
4555|29
4556|29
4557|29
4558|29
4559|29
4560|29
4561|29
4562|29
4563|29
4564|29
4565|29
4566|29
4567|29
4568|29
4569|29
4570|29
4571|29
4572|29
4573|29
4574|29
4575|29
4576|29
4577|29
4578|29
4579|29
4580|29
4581|29
4582|29
4583|29
4584|29
4585|29
4586|29
4587|29
4588|29
4589|29
4590|29
4591|29
4592|29
4593|29
4594|29
4595|29
4596|29
4597|29
4598|29
4599|29
4600|29
4601|29
4602|29
4603|29
4604|29
4605|29
4606|29
4607|29
4608|29
4609|29
4610|29
4611|29
4612|29
4613|29
4614|29
4615|29
4616|29
4617|29
4618|29
4619|29
4620|29
4621|29
4622|29
4623|29
4624|29
4625|29
4626|29
4627|29
4628|29
4629|29
4630|29
4631|29
4632|29
4633|29
4634|29
4635|29
4636|29
4637|29
4638|29
4639|29
4640|29
4641|29
4642|29
4643|29
4644|29
4645|29
4646|29
4647|29
4648|29
4649|29
4650|29
4651|29
4652|29
4653|29
4654|29
4655|29
4656|29
4657|29
4658|29
4659|29
4660|29
4661|29
4662|29
4663|29
4664|29
4665|29
4666|29
4667|29
4668|29
4669|29
4670|29
4671|29
4672|29
4673|29
4674|29
4675|29
4676|29
4677|29
4678|29
4679|29
4680|29
4681|29
4682|29
4683|29
4684|29
4685|29
4686|29
4687|29
4688|29
4689|29
4690|29
4691|29
4692|29
4693|29
4694|29
4695|29
4696|29
4697|29
4698|29
4699|29
4700|29
4701|29
4702|29
4703|29
4704|29
4705|29
4706|29
4707|29
4708|29
4709|29
4710|29
4711|29
4712|29
4713|29
4714|29
4715|29
4716|29
4717|29
4718|29
4719|29
4720|29
4721|29
4722|29
4723|29
4724|29
4725|29
4726|29
4727|29
4728|29
4729|29
4730|29
4731|29
4732|29
4733|29
4734|29
4735|29
4736|29
4737|29
4738|29
4739|29
4740|29
4741|29
4742|29
4743|29
4744|29
4745|29
4746|29
4747|29
4748|29
4749|29
4750|29
4751|29
4752|29
4753|29
4754|29
4755|29
4756|29
4757|29
4758|29
4759|29
4760|29
4761|29
4762|29
4763|29
4764|29
4765|29
4766|29
4767|29
4768|29
4769|29
4770|29
4771|29
4772|29
4773|29
4774|29
4775|29
4776|29
4777|29
4778|29
4779|29
4780|29
4781|29
4782|29
4783|29
4784|29
4785|29
4786|29
4787|29
4788|29
4789|29
4790|29
4791|29
4792|29
4793|29
4794|29
4795|29
4796|29
4797|29
4798|29
4799|29
4800|29
4801|29
4802|29
4803|29
4804|29
4805|29
4806|29
4807|29
4808|29
4809|29
4810|29
4811|29
4812|29
4813|29
4814|29
4815|29
4816|29
4817|29
4818|29
4819|29
4820|29
4821|29
4822|29
4823|29
4824|29
4825|29
4826|29
4827|29
4828|29
4829|29
4830|29
4831|29
4832|29
4833|29
4834|29
4835|29
4836|29
4837|29
4838|29
4839|29
4840|29
4841|29
4842|29
4843|29
4844|29
4845|29
4846|29
4847|29
4848|29
4849|29
4850|29
4851|29
4852|29
4853|29
4854|29
4855|29
4856|29
4857|29
4858|29
4859|29
4860|29
4861|29
4862|29
4863|29
4864|29
4865|29
4866|29
4867|29
4868|29
4869|29
4870|29
4871|29
4872|29
4873|29
4874|29
4875|29
4876|29
4877|29
4878|29
4879|29
4880|29
4881|29
4882|29
4883|29
4884|29
4885|29
4886|29
4887|29
4888|29
4889|29
4890|29
4891|29
4892|29
4893|29
4894|29
4895|29
4896|29
4897|29
4898|29
4899|29
4900|29
4901|29
4902|29
4903|29
4904|29
4905|29
4906|29
4907|29
4908|29
4909|29
4910|29
4911|29
4912|29
4913|29
4914|29
4915|29
4916|29
4917|29
4918|29
4919|29
4920|29
4921|29
4922|29
4923|29
4924|29
4925|29
4926|29
4927|29
4928|29
4929|29
4930|29
4931|29
4932|29
4933|29
4934|29
4935|29
4936|29
4937|29
4938|29
4939|29
4940|29
4941|29
4942|29
4943|29
4944|29
4945|29
4946|29
4947|29
4948|29
4949|29
4950|29
4951|29
4952|29
4953|29
4954|29
4955|29
4956|29
4957|29
4958|29
4959|29
4960|29
4961|29
4962|29
4963|29
4964|29
4965|29
4966|29
4967|29
4968|29
4969|29
4970|29
4971|29
4972|29
4973|29
4974|29
4975|29
4976|29
4977|29
4978|29
4979|29
4980|29
4981|29
4982|29
4983|29
4984|29
4985|29
4986|29
4987|29
4988|29
4989|29
4990|29
4991|29
4992|29
4993|29
4994|29
4995|29
4996|29
4997|29
4998|29
4999|29
5000|29
