1|1
2|2
3|3
4|4
5|4
6|4
7|4
8|5
9|6
10|7
11|7
12|7
13|7
14|7
15|8
16|8
17|9
18|9
19|9
20|9
21|9
22|9
23|9
24|9
25|9
26|9
27|9
28|9
29|9
30|9
31|10
32|10
33|10
34|10
35|10
36|10
37|10
38|10
39|10
40|10
41|10
42|10
43|10
44|10
45|10
46|10
47|10
48|10
49|10
50|10
51|10
52|10
53|11
54|11
55|11
56|11
57|11
58|11
59|11
60|11
61|11
62|11
63|11
64|11
65|11
66|11
67|11
68|11
69|11
70|11
71|11
72|11
73|11
74|11
75|11
76|11
77|11
78|11
79|11
80|12
81|12
82|12
83|12
84|12
85|12
86|12
87|12
88|12
89|12
90|12
91|12
92|12
93|12
94|12
95|12
96|12
97|12
98|12
99|12
100|12
101|12
102|12
103|12
104|12
105|12
106|12
107|12
108|12
109|12
110|13
111|13
112|13
113|13
114|13
115|13
116|13
117|13
118|13
119|13
120|13
121|13
122|13
123|13
124|13
125|13
126|13
127|13
128|13
129|14
130|14
131|14
132|14
133|14
134|14
135|14
136|14
137|14
138|14
139|14
140|14
141|14
142|14
143|14
144|14
145|14
146|14
147|14
148|14
149|14
150|14
151|14
152|14
153|14
154|14
155|14
156|14
157|14
158|14
159|14
160|14
161|14
162|14
163|14
164|14
165|14
166|14
167|14
168|14
169|14
170|14
171|14
172|14
173|14
174|14
175|14
176|14
177|14
178|14
179|14
180|14
181|14
182|14
183|14
184|14
185|14
186|14
187|14
188|14
189|14
190|14
191|14
192|14
193|14
194|14
195|14
196|14
197|14
198|14
199|14
200|14
201|15
202|15
203|15
204|15
205|15
206|15
207|15
208|15
209|15
210|15
211|15
212|15
213|15
214|15
215|15
216|15
217|15
218|15
219|15
220|15
221|15
222|15
223|15
224|15
225|15
226|15
227|15
228|15
229|15
230|15
231|15
232|15
233|15
234|15
235|15
236|15
237|15
238|15
239|15
240|15
241|15
242|15
243|15
244|15
245|15
246|15
247|15
248|15
249|15
250|15
251|15
252|15
253|15
254|15
255|15
256|15
257|15
258|15
259|15
260|15
261|15
262|15
263|15
264|15
265|15
266|15
267|15
268|15
269|15
270|15
271|15
272|15
273|15
274|15
275|15
276|15
277|15
278|15
279|15
280|15
281|15
282|15
283|15
284|15
285|15
286|15
287|15
288|15
289|15
290|15
291|15
292|15
293|15
294|15
295|15
296|15
297|15
298|15
299|15
300|15
301|15
302|15
303|15
304|15
305|15
306|15
307|15
308|15
309|15
310|15
311|15
312|15
313|16
314|16
315|16
316|16
317|16
318|16
319|16
320|16
321|16
322|16
323|16
324|16
325|16
326|16
327|16
328|16
329|16
330|16
331|16
332|16
333|16
334|16
335|16
336|16
337|16
338|16
339|16
340|16
341|16
342|16
343|16
344|16
345|16
346|16
347|16
348|16
349|16
350|16
351|16
352|16
353|16
354|16
355|16
356|16
357|16
358|16
359|16
360|16
361|17
362|17
363|17
364|17
365|17
366|17
367|17
368|17
369|17
370|17
371|17
372|17
373|17
374|17
375|17
376|17
377|17
378|17
379|17
380|17
381|17
382|17
383|17
384|17
385|17
386|17
387|17
388|17
389|17
390|17
391|17
392|17
393|17
394|17
395|17
396|17
397|17
398|17
399|17
400|17
401|17
402|17
403|17
404|17
405|17
406|17
407|17
408|17
409|17
410|17
411|17
412|17
413|17
414|17
415|17
416|17
417|17
418|17
419|17
420|17
421|17
422|17
423|17
424|17
425|17
426|17
427|17
428|17
429|17
430|17
431|17
432|17
433|17
434|17
435|17
436|18
437|18
438|18
439|18
440|18
441|18
442|18
443|18
444|18
445|18
446|18
447|18
448|18
449|18
450|18
451|18
452|18
453|18
454|18
455|18
456|18
457|18
458|18
459|18
460|18
461|18
462|18
463|18
464|18
465|18
466|18
467|18
468|18
469|18
470|18
471|18
472|18
473|18
474|18
475|18
476|18
477|18
478|18
479|18
480|18
481|18
482|18
483|18
484|18
485|18
486|18
487|18
488|18
489|18
490|18
491|18
492|18
493|18
494|18
495|18
496|18
497|18
498|18
499|18
500|18
501|18
502|18
503|18
504|18
505|18
506|18
507|18
508|18
509|18
510|18
511|18
512|18
513|18
514|18
515|18
516|18
517|18
518|18
519|18
520|18
521|18
522|18
523|18
524|18
525|18
526|18
527|18
528|18
529|18
530|18
531|18
532|18
533|18
534|18
535|18
536|18
537|18
538|18
539|18
540|18
541|18
542|18
543|18
544|18
545|18
546|18
547|18
548|18
549|18
550|18
551|18
552|18
553|18
554|18
555|18
556|18
557|18
558|18
559|18
560|18
561|18
562|18
563|18
564|18
565|18
566|18
567|18
568|18
569|18
570|18
571|18
572|18
573|18
574|18
575|18
576|18
577|19
578|19
579|19
580|19
581|19
582|19
583|19
584|19
585|19
586|19
587|19
588|19
589|19
590|19
591|19
592|19
593|19
594|19
595|19
596|19
597|19
598|19
599|19
600|19
601|19
602|19
603|19
604|19
605|19
606|19
607|19
608|19
609|19
610|19
611|19
612|19
613|19
614|19
615|19
616|19
617|19
618|19
619|19
620|19
621|19
622|19
623|19
624|19
625|19
626|19
627|19
628|19
629|19
630|19
631|19
632|19
633|19
634|19
635|19
636|19
637|19
638|19
639|19
640|19
641|19
642|19
643|19
644|19
645|19
646|19
647|19
648|19
649|19
650|19
651|19
652|19
653|19
654|19
655|19
656|19
657|19
658|19
659|19
660|19
661|19
662|19
663|19
664|19
665|19
666|19
667|19
668|19
669|19
670|19
671|19
672|19
673|19
674|19
675|19
676|19
677|19
678|19
679|19
680|19
681|19
682|19
683|19
684|19
685|19
686|19
687|19
688|19
689|19
690|19
691|19
692|19
693|19
694|20
695|20
696|20
697|20
698|20
699|20
700|20
701|20
702|20
703|20
704|20
705|20
706|20
707|20
708|20
709|20
710|20
711|20
712|20
713|20
714|20
715|20
716|20
717|20
718|20
719|20
720|20
721|20
722|20
723|20
724|20
725|20
726|20
727|20
728|20
729|20
730|20
731|20
732|20
733|20
734|20
735|20
736|20
737|20
738|20
739|20
740|20
741|20
742|20
743|20
744|20
745|20
746|20
747|20
748|20
749|20
750|20
751|20
752|20
753|20
754|20
755|20
756|20
757|20
758|20
759|20
760|20
761|20
762|20
763|20
764|20
765|20
766|20
767|20
768|20
769|20
770|20
771|20
772|20
773|20
774|20
775|20
776|20
777|20
778|20
779|20
780|20
781|20
782|20
783|20
784|20
785|20
786|20
787|20
788|20
789|20
790|20
791|20
792|20
793|20
794|20
795|20
796|20
797|20
798|20
799|20
800|20
801|20
802|20
803|20
804|20
805|20
806|20
807|20
808|20
809|20
810|20
811|20
812|20
813|20
814|20
815|20
816|20
817|20
818|20
819|20
820|20
821|20
822|20
823|20
824|20
825|20
826|20
827|20
828|20
829|20
830|20
831|20
832|20
833|20
834|20
835|20
836|20
837|20
838|20
839|20
840|20
841|20
842|20
843|20
844|20
845|20
846|20
847|20
848|20
849|20
850|20
851|20
852|20
853|20
854|20
855|20
856|20
857|20
858|20
859|20
860|20
861|20
862|20
863|20
864|20
865|20
866|20
867|20
868|20
869|20
870|20
871|20
872|20
873|20
874|20
875|20
876|20
877|20
878|20
879|20
880|20
881|20
882|20
883|20
884|20
885|20
886|20
887|20
888|20
889|20
890|20
891|20
892|20
893|20
894|20
895|20
896|20
897|20
898|20
899|20
900|20
901|20
902|20
903|20
904|20
905|20
906|20
907|20
908|20
909|20
910|20
911|20
912|20
913|20
914|20
915|20
916|21
917|21
918|21
919|21
920|21
921|21
922|21
923|21
924|21
925|21
926|21
927|21
928|21
929|21
930|21
931|21
932|21
933|21
934|21
935|21
936|21
937|21
938|21
939|21
940|21
941|21
942|21
943|21
944|21
945|21
946|21
947|21
948|21
949|21
950|21
951|21
952|21
953|21
954|21
955|21
956|21
957|21
958|21
959|21
960|21
961|21
962|21
963|21
964|21
965|21
966|21
967|21
968|21
969|21
970|21
971|21
972|21
973|21
974|21
975|21
976|21
977|21
978|21
979|21
980|21
981|21
982|21
983|21
984|21
985|21
986|21
987|21
988|21
989|21
990|21
991|21
992|21
993|21
994|21
995|21
996|21
997|21
998|21
999|21
1000|21
1001|21
1002|21
1003|21
1004|21
1005|21
1006|21
1007|21
1008|21
1009|21
1010|21
1011|21
1012|21
1013|21
1014|21
1015|21
1016|21
1017|21
1018|21
1019|21
1020|21
1021|21
1022|21
1023|21
1024|21
1025|21
1026|21
1027|21
1028|21
1029|21
1030|21
1031|21
1032|21
1033|21
1034|21
1035|21
1036|21
1037|21
1038|21
1039|21
1040|21
1041|21
1042|21
1043|21
1044|21
1045|21
1046|21
1047|21
1048|21
1049|21
1050|21
1051|21
1052|21
1053|21
1054|21
1055|21
1056|21
1057|21
1058|21
1059|21
1060|21
1061|21
1062|21
1063|21
1064|21
1065|21
1066|21
1067|21
1068|21
1069|21
1070|21
1071|21
1072|21
1073|21
1074|21
1075|21
1076|21
1077|21
1078|21
1079|21
1080|21
1081|21
1082|21
1083|21
1084|21
1085|21
1086|21
1087|21
1088|21
1089|21
1090|21
1091|21
1092|21
1093|21
1094|21
1095|21
1096|21
1097|21
1098|21
1099|21
1100|21
1101|21
1102|21
1103|21
1104|21
1105|21
1106|21
1107|21
1108|21
1109|21
1110|21
1111|21
1112|21
1113|21
1114|21
1115|21
1116|21
1117|21
1118|21
1119|21
1120|21
1121|21
1122|21
1123|21
1124|21
1125|21
1126|21
1127|21
1128|21
1129|21
1130|21
1131|21
1132|21
1133|21
1134|21
1135|21
1136|21
1137|21
1138|21
1139|21
1140|21
1141|21
1142|21
1143|21
1144|21
1145|21
1146|21
1147|21
1148|21
1149|21
1150|21
1151|21
1152|21
1153|21
1154|21
1155|21
1156|21
1157|21
1158|21
1159|21
1160|21
1161|21
1162|21
1163|21
1164|21
1165|21
1166|21
1167|21
1168|21
1169|21
1170|21
1171|21
1172|21
1173|21
1174|21
1175|21
1176|21
1177|21
1178|21
1179|21
1180|21
1181|21
1182|21
1183|21
1184|21
1185|21
1186|21
1187|21
1188|21
1189|21
1190|21
1191|21
1192|21
1193|21
1194|21
1195|21
1196|21
1197|21
1198|21
1199|21
1200|21
1201|21
1202|21
1203|21
1204|21
1205|21
1206|21
1207|22
1208|22
1209|22
1210|22
1211|22
1212|22
1213|22
1214|22
1215|22
1216|22
1217|22
1218|22
1219|22
1220|22
1221|22
1222|22
1223|22
1224|22
1225|22
1226|23
1227|23
1228|23
1229|23
1230|23
1231|23
1232|23
1233|23
1234|23
1235|23
1236|23
1237|23
1238|23
1239|23
1240|23
1241|23
1242|23
1243|23
1244|23
1245|23
1246|23
1247|23
1248|23
1249|23
1250|23
1251|23
1252|23
1253|23
1254|23
1255|23
1256|23
1257|23
1258|23
1259|23
1260|23
1261|23
1262|23
1263|23
1264|23
1265|23
1266|23
1267|23
1268|23
1269|23
1270|23
1271|23
1272|23
1273|23
1274|23
1275|23
1276|23
1277|23
1278|23
1279|23
1280|23
1281|23
1282|23
1283|23
1284|23
1285|23
1286|23
1287|23
1288|23
1289|23
1290|23
1291|23
1292|23
1293|23
1294|23
1295|23
1296|23
1297|23
1298|23
1299|23
1300|23
1301|23
1302|23
1303|23
1304|23
1305|23
1306|23
1307|23
1308|23
1309|23
1310|23
1311|23
1312|23
1313|23
1314|23
1315|23
1316|23
1317|23
1318|23
1319|23
1320|23
1321|23
1322|23
1323|23
1324|23
1325|23
1326|23
1327|23
1328|23
1329|23
1330|23
1331|23
1332|23
1333|23
1334|23
1335|23
1336|23
1337|23
1338|23
1339|23
1340|23
1341|23
1342|23
1343|23
1344|23
1345|23
1346|23
1347|23
1348|23
1349|23
1350|23
1351|23
1352|23
1353|23
1354|23
1355|23
1356|23
1357|23
1358|23
1359|23
1360|23
1361|23
1362|23
1363|23
1364|23
1365|23
1366|23
1367|23
1368|23
1369|23
1370|23
1371|23
1372|23
1373|23
1374|23
1375|23
1376|23
1377|23
1378|23
1379|23
1380|23
1381|23
1382|23
1383|23
1384|23
1385|23
1386|23
1387|23
1388|23
1389|23
1390|23
1391|23
1392|23
1393|23
1394|23
1395|23
1396|23
1397|23
1398|23
1399|23
1400|23
1401|23
1402|23
1403|23
1404|23
1405|23
1406|23
1407|23
1408|23
1409|23
1410|23
1411|23
1412|23
1413|23
1414|23
1415|23
1416|23
1417|23
1418|23
1419|23
1420|23
1421|23
1422|23
1423|23
1424|23
1425|23
1426|23
1427|23
1428|23
1429|23
1430|23
1431|23
1432|23
1433|23
1434|23
1435|23
1436|23
1437|23
1438|23
1439|23
1440|23
1441|23
1442|23
1443|23
1444|23
1445|23
1446|23
1447|23
1448|23
1449|23
1450|23
1451|23
1452|23
1453|23
1454|23
1455|23
1456|23
1457|23
1458|23
1459|23
1460|23
1461|23
1462|23
1463|23
1464|23
1465|23
1466|23
1467|23
1468|23
1469|23
1470|23
1471|23
1472|23
1473|23
1474|23
1475|23
1476|23
1477|23
1478|23
1479|23
1480|23
1481|23
1482|23
1483|23
1484|23
1485|23
1486|23
1487|23
1488|23
1489|23
1490|23
1491|23
1492|23
1493|23
1494|23
1495|23
1496|23
1497|23
1498|23
1499|23
1500|23
1501|23
1502|23
1503|23
1504|23
1505|23
1506|23
1507|23
1508|23
1509|23
1510|23
1511|23
1512|23
1513|23
1514|23
1515|23
1516|23
1517|23
1518|23
1519|23
1520|23
1521|23
1522|23
1523|23
1524|23
1525|23
1526|23
1527|23
1528|23
1529|23
1530|23
1531|23
1532|23
1533|23
1534|23
1535|23
1536|23
1537|23
1538|23
1539|23
1540|23
1541|23
1542|23
1543|23
1544|23
1545|23
1546|23
1547|23
1548|23
1549|23
1550|23
1551|23
1552|23
1553|23
1554|23
1555|23
1556|23
1557|23
1558|23
1559|23
1560|23
1561|23
1562|23
1563|23
1564|23
1565|23
1566|23
1567|23
1568|23
1569|23
1570|23
1571|23
1572|23
1573|23
1574|23
1575|23
1576|23
1577|23
1578|23
1579|23
1580|23
1581|23
1582|23
1583|23
1584|23
1585|23
1586|23
1587|23
1588|23
1589|23
1590|23
1591|23
1592|23
1593|23
1594|23
1595|23
1596|23
1597|23
1598|23
1599|23
1600|23
1601|23
1602|23
1603|23
1604|23
1605|23
1606|23
1607|23
1608|23
1609|23
1610|23
1611|23
1612|23
1613|23
1614|23
1615|23
1616|23
1617|23
1618|23
1619|23
1620|23
1621|23
1622|23
1623|23
1624|23
1625|23
1626|23
1627|23
1628|23
1629|23
1630|23
1631|23
1632|23
1633|23
1634|23
1635|23
1636|23
1637|23
1638|23
1639|23
1640|23
1641|23
1642|23
1643|23
1644|23
1645|23
1646|23
1647|23
1648|23
1649|23
1650|23
1651|23
1652|23
1653|23
1654|23
1655|23
1656|23
1657|23
1658|23
1659|23
1660|23
1661|23
1662|23
1663|23
1664|23
1665|23
1666|23
1667|23
1668|23
1669|23
1670|23
1671|23
1672|23
1673|23
1674|23
1675|23
1676|23
1677|23
1678|23
1679|23
1680|23
1681|23
1682|23
1683|23
1684|23
1685|23
1686|23
1687|23
1688|23
1689|23
1690|23
1691|23
1692|23
1693|23
1694|23
1695|23
1696|23
1697|23
1698|23
1699|23
1700|23
1701|23
1702|23
1703|23
1704|23
1705|23
1706|23
1707|23
1708|23
1709|23
1710|23
1711|23
1712|23
1713|23
1714|23
1715|23
1716|23
1717|23
1718|23
1719|23
1720|23
1721|23
1722|23
1723|23
1724|23
1725|23
1726|23
1727|23
1728|23
1729|23
1730|23
1731|23
1732|23
1733|23
1734|23
1735|23
1736|23
1737|23
1738|23
1739|23
1740|23
1741|23
1742|23
1743|23
1744|23
1745|23
1746|23
1747|23
1748|23
1749|23
1750|23
1751|23
1752|23
1753|23
1754|23
1755|23
1756|23
1757|23
1758|23
1759|23
1760|23
1761|23
1762|23
1763|23
1764|23
1765|23
1766|23
1767|23
1768|23
1769|23
1770|23
1771|23
1772|23
1773|23
1774|23
1775|23
1776|23
1777|23
1778|23
1779|23
1780|23
1781|23
1782|23
1783|23
1784|23
1785|23
1786|23
1787|23
1788|23
1789|23
1790|23
1791|23
1792|23
1793|23
1794|23
1795|23
1796|23
1797|23
1798|23
1799|23
1800|23
1801|23
1802|23
1803|23
1804|23
1805|23
1806|23
1807|23
1808|23
1809|23
1810|23
1811|23
1812|23
1813|23
1814|23
1815|23
1816|23
1817|23
1818|23
1819|23
1820|23
1821|23
1822|23
1823|23
1824|23
1825|23
1826|23
1827|23
1828|23
1829|23
1830|23
1831|23
1832|23
1833|23
1834|23
1835|23
1836|23
1837|23
1838|23
1839|23
1840|23
1841|23
1842|23
1843|23
1844|23
1845|23
1846|23
1847|23
1848|23
1849|23
1850|23
1851|23
1852|23
1853|23
1854|23
1855|23
1856|23
1857|23
1858|23
1859|23
1860|23
1861|23
1862|23
1863|23
1864|23
1865|23
1866|23
1867|23
1868|23
1869|23
1870|23
1871|23
1872|23
1873|23
1874|23
1875|23
1876|23
1877|23
1878|23
1879|23
1880|23
1881|23
1882|23
1883|23
1884|23
1885|23
1886|23
1887|23
1888|23
1889|23
1890|23
1891|23
1892|23
1893|23
1894|23
1895|23
1896|23
1897|23
1898|23
1899|23
1900|23
1901|23
1902|23
1903|23
1904|23
1905|23
1906|23
1907|23
1908|23
1909|23
1910|23
1911|23
1912|23
1913|23
1914|23
1915|23
1916|23
1917|23
1918|23
1919|23
1920|23
1921|23
1922|23
1923|23
1924|23
1925|23
1926|23
1927|23
1928|23
1929|23
1930|23
1931|23
1932|23
1933|23
1934|23
1935|23
1936|23
1937|23
1938|23
1939|23
1940|23
1941|23
1942|23
1943|23
1944|23
1945|23
1946|23
1947|23
1948|23
1949|23
1950|23
1951|23
1952|23
1953|23
1954|23
1955|23
1956|23
1957|23
1958|24
1959|24
1960|24
1961|24
1962|24
1963|24
1964|24
1965|24
1966|24
1967|24
1968|24
1969|24
1970|24
1971|24
1972|24
1973|24
1974|24
1975|24
1976|24
1977|24
1978|24
1979|24
1980|24
1981|24
1982|24
1983|24
1984|24
1985|24
1986|24
1987|24
1988|24
1989|24
1990|24
1991|24
1992|24
1993|24
1994|24
1995|24
1996|24
1997|24
1998|24
1999|24
2000|24
2001|24
2002|24
2003|24
2004|24
2005|24
2006|24
2007|24
2008|24
2009|24
2010|24
2011|24
2012|24
2013|24
2014|24
2015|24
2016|24
2017|24
2018|24
2019|24
2020|24
2021|24
2022|24
2023|24
2024|24
2025|24
2026|24
2027|24
2028|24
2029|24
2030|24
2031|24
2032|24
2033|24
2034|24
2035|24
2036|24
2037|24
2038|24
2039|24
2040|24
2041|24
2042|24
2043|24
2044|24
2045|24
2046|24
2047|24
2048|24
2049|24
2050|24
2051|24
2052|24
2053|24
2054|24
2055|24
2056|24
2057|24
2058|24
2059|24
2060|24
2061|24
2062|24
2063|24
2064|24
2065|24
2066|24
2067|24
2068|24
2069|24
2070|24
2071|24
2072|24
2073|24
2074|24
2075|24
2076|24
2077|24
2078|24
2079|24
2080|24
2081|24
2082|24
2083|24
2084|24
2085|24
2086|24
2087|24
2088|24
2089|24
2090|24
2091|24
2092|24
2093|24
2094|24
2095|24
2096|24
2097|24
2098|24
2099|24
2100|24
2101|24
2102|24
2103|24
2104|24
2105|24
2106|24
2107|24
2108|24
2109|24
2110|24
2111|24
2112|24
2113|24
2114|24
2115|24
2116|24
2117|24
2118|24
2119|24
2120|24
2121|24
2122|24
2123|24
2124|24
2125|24
2126|24
2127|24
2128|24
2129|24
2130|24
2131|24
2132|24
2133|24
2134|24
2135|24
2136|24
2137|24
2138|24
2139|24
2140|24
2141|24
2142|24
2143|24
2144|24
2145|24
2146|24
2147|24
2148|24
2149|24
2150|24
2151|24
2152|24
2153|24
2154|24
2155|24
2156|24
2157|24
2158|24
2159|24
2160|24
2161|24
2162|24
2163|24
2164|24
2165|24
2166|24
2167|24
2168|24
2169|24
2170|24
2171|24
2172|24
2173|24
2174|24
2175|24
2176|24
2177|24
2178|24
2179|24
2180|24
2181|24
2182|24
2183|24
2184|24
2185|24
2186|24
2187|24
2188|24
2189|24
2190|24
2191|24
2192|24
2193|24
2194|24
2195|24
2196|24
2197|24
2198|24
2199|24
2200|24
2201|24
2202|24
2203|24
2204|24
2205|24
2206|24
2207|24
2208|24
2209|24
2210|24
2211|24
2212|24
2213|24
2214|24
2215|24
2216|24
2217|24
2218|24
2219|24
2220|24
2221|24
2222|24
2223|24
2224|24
2225|24
2226|24
2227|24
2228|24
2229|24
2230|24
2231|24
2232|24
2233|24
2234|24
2235|24
2236|24
2237|24
2238|24
2239|24
2240|24
2241|24
2242|24
2243|24
2244|24
2245|24
2246|24
2247|24
2248|24
2249|24
2250|24
2251|24
2252|24
2253|24
2254|24
2255|24
2256|24
2257|24
2258|24
2259|24
2260|24
2261|24
2262|24
2263|24
2264|24
2265|24
2266|24
2267|24
2268|24
2269|24
2270|24
2271|24
2272|24
2273|24
2274|24
2275|24
2276|24
2277|24
2278|24
2279|24
2280|24
2281|24
2282|24
2283|24
2284|24
2285|24
2286|24
2287|24
2288|24
2289|24
2290|24
2291|24
2292|24
2293|24
2294|24
2295|24
2296|24
2297|24
2298|24
2299|24
2300|24
2301|24
2302|24
2303|24
2304|24
2305|24
2306|24
2307|24
2308|24
2309|24
2310|24
2311|24
2312|24
2313|24
2314|24
2315|24
2316|24
2317|24
2318|24
2319|24
2320|24
2321|24
2322|24
2323|24
2324|24
2325|24
2326|24
2327|24
2328|24
2329|24
2330|24
2331|24
2332|24
2333|24
2334|24
2335|24
2336|24
2337|24
2338|24
2339|24
2340|24
2341|24
2342|24
2343|24
2344|24
2345|24
2346|24
2347|24
2348|24
2349|24
2350|24
2351|24
2352|24
2353|24
2354|24
2355|24
2356|24
2357|24
2358|24
2359|24
2360|24
2361|24
2362|24
2363|24
2364|24
2365|24
2366|24
2367|24
2368|24
2369|24
2370|24
2371|24
2372|24
2373|24
2374|24
2375|24
2376|24
2377|24
2378|24
2379|24
2380|24
2381|24
2382|24
2383|24
2384|24
2385|24
2386|24
2387|24
2388|24
2389|24
2390|24
2391|24
2392|24
2393|24
2394|24
2395|24
2396|24
2397|24
2398|24
2399|24
2400|24
2401|24
2402|24
2403|24
2404|24
2405|24
2406|24
2407|24
2408|24
2409|24
2410|24
2411|24
2412|24
2413|24
2414|24
2415|24
2416|24
2417|24
2418|24
2419|24
2420|24
2421|24
2422|24
2423|24
2424|24
2425|24
2426|24
2427|24
2428|24
2429|24
2430|24
2431|24
2432|24
2433|24
2434|24
2435|24
2436|24
2437|24
2438|24
2439|24
2440|24
2441|24
2442|24
2443|24
2444|24
2445|24
2446|24
2447|24
2448|24
2449|24
2450|24
2451|24
2452|24
2453|24
2454|24
2455|24
2456|24
2457|24
2458|24
2459|24
2460|24
2461|24
2462|24
2463|24
2464|24
2465|24
2466|24
2467|24
2468|24
2469|24
2470|24
2471|24
2472|24
2473|24
2474|24
2475|24
2476|24
2477|24
2478|24
2479|24
2480|24
2481|24
2482|24
2483|24
2484|24
2485|24
2486|24
2487|24
2488|24
2489|24
2490|24
2491|24
2492|24
2493|24
2494|24
2495|24
2496|24
2497|24
2498|24
2499|24
2500|24
2501|24
2502|24
2503|24
2504|24
2505|24
2506|24
2507|24
2508|24
2509|24
2510|24
2511|24
2512|24
2513|24
2514|24
2515|24
2516|24
2517|24
2518|24
2519|24
2520|24
2521|24
2522|24
2523|24
2524|24
2525|24
2526|24
2527|24
2528|24
2529|24
2530|24
2531|24
2532|24
2533|24
2534|24
2535|24
2536|24
2537|24
2538|24
2539|24
2540|24
2541|24
2542|24
2543|24
2544|24
2545|24
2546|24
2547|24
2548|24
2549|24
2550|24
2551|24
2552|24
2553|24
2554|24
2555|24
2556|24
2557|24
2558|24
2559|24
2560|24
2561|24
2562|24
2563|24
2564|24
2565|24
2566|24
2567|24
2568|24
2569|24
2570|24
2571|24
2572|24
2573|24
2574|24
2575|24
2576|24
2577|24
2578|24
2579|24
2580|24
2581|24
2582|24
2583|24
2584|24
2585|24
2586|24
2587|24
2588|24
2589|24
2590|24
2591|24
2592|24
2593|24
2594|24
2595|24
2596|24
2597|24
2598|24
2599|24
2600|24
2601|24
2602|24
2603|24
2604|24
2605|24
2606|24
2607|24
2608|24
2609|25
2610|25
2611|25
2612|25
2613|25
2614|25
2615|25
2616|25
2617|25
2618|25
2619|25
2620|25
2621|25
2622|25
2623|25
2624|25
2625|25
2626|25
2627|25
2628|25
2629|25
2630|25
2631|25
2632|25
2633|25
2634|25
2635|25
2636|25
2637|25
2638|25
2639|25
2640|25
2641|25
2642|25
2643|25
2644|25
2645|25
2646|25
2647|25
2648|25
2649|25
2650|25
2651|25
2652|25
2653|25
2654|25
2655|25
2656|25
2657|25
2658|25
2659|25
2660|25
2661|25
2662|25
2663|25
2664|25
2665|25
2666|25
2667|25
2668|25
2669|25
2670|25
2671|25
2672|25
2673|25
2674|25
2675|25
2676|25
2677|25
2678|25
2679|25
2680|25
2681|25
2682|25
2683|25
2684|25
2685|25
2686|25
2687|25
2688|25
2689|25
2690|25
2691|25
2692|25
2693|25
2694|25
2695|25
2696|25
2697|25
2698|25
2699|25
2700|25
2701|25
2702|25
2703|25
2704|25
2705|25
2706|25
2707|25
2708|25
2709|25
2710|25
2711|25
2712|25
2713|25
2714|25
2715|25
2716|25
2717|25
2718|25
2719|25
2720|25
2721|25
2722|25
2723|25
2724|25
2725|25
2726|25
2727|25
2728|25
2729|25
2730|25
2731|25
2732|25
2733|25
2734|25
2735|25
2736|25
2737|25
2738|25
2739|25
2740|25
2741|25
2742|25
2743|25
2744|25
2745|25
2746|25
2747|25
2748|25
2749|25
2750|25
2751|25
2752|25
2753|25
2754|25
2755|25
2756|25
2757|25
2758|25
2759|25
2760|25
2761|25
2762|25
2763|25
2764|25
2765|25
2766|25
2767|25
2768|25
2769|25
2770|25
2771|25
2772|25
2773|25
2774|25
2775|25
2776|25
2777|25
2778|25
2779|25
2780|25
2781|25
2782|25
2783|25
2784|25
2785|25
2786|25
2787|25
2788|25
2789|25
2790|25
2791|25
2792|25
2793|25
2794|25
2795|25
2796|25
2797|25
2798|25
2799|25
2800|25
2801|25
2802|25
2803|25
2804|25
2805|25
2806|25
2807|25
2808|25
2809|25
2810|25
2811|25
2812|25
2813|25
2814|25
2815|25
2816|25
2817|25
2818|25
2819|25
2820|25
2821|25
2822|25
2823|25
2824|25
2825|25
2826|25
2827|25
2828|25
2829|25
2830|25
2831|25
2832|25
2833|25
2834|25
2835|25
2836|25
2837|25
2838|25
2839|25
2840|25
2841|25
2842|25
2843|25
2844|25
2845|25
2846|25
2847|25
2848|25
2849|25
2850|25
2851|25
2852|25
2853|25
2854|25
2855|25
2856|25
2857|25
2858|25
2859|25
2860|25
2861|25
2862|25
2863|25
2864|25
2865|25
2866|25
2867|25
2868|25
2869|25
2870|25
2871|25
2872|25
2873|25
2874|25
2875|25
2876|25
2877|25
2878|25
2879|25
2880|25
2881|25
2882|25
2883|25
2884|25
2885|25
2886|25
2887|25
2888|25
2889|25
2890|25
2891|25
2892|25
2893|25
2894|25
2895|25
2896|25
2897|25
2898|25
2899|25
2900|25
2901|25
2902|25
2903|25
2904|25
2905|25
2906|25
2907|25
2908|25
2909|25
2910|25
2911|25
2912|25
2913|25
2914|25
2915|25
2916|25
2917|25
2918|25
2919|25
2920|25
2921|25
2922|25
2923|25
2924|25
2925|25
2926|25
2927|25
2928|25
2929|25
2930|25
2931|25
2932|25
2933|25
2934|25
2935|25
2936|25
2937|25
2938|25
2939|25
2940|25
2941|25
2942|25
2943|25
2944|25
2945|25
2946|25
2947|25
2948|25
2949|25
2950|25
2951|25
2952|25
2953|25
2954|25
2955|25
2956|25
2957|25
2958|25
2959|25
2960|25
2961|25
2962|25
2963|25
2964|25
2965|25
2966|25
2967|25
2968|25
2969|25
2970|25
2971|25
2972|25
2973|25
2974|25
2975|25
2976|25
2977|25
2978|25
2979|25
2980|25
2981|25
2982|25
2983|25
2984|25
2985|25
2986|25
2987|25
2988|25
2989|25
2990|25
2991|25
2992|25
2993|25
2994|25
2995|25
2996|25
2997|25
2998|25
2999|25
3000|25
3001|25
3002|25
3003|25
3004|25
3005|25
3006|25
3007|25
3008|25
3009|25
3010|25
3011|25
3012|25
3013|25
3014|25
3015|25
3016|25
3017|25
3018|25
3019|25
3020|25
3021|25
3022|25
3023|25
3024|25
3025|25
3026|25
3027|25
3028|25
3029|25
3030|25
3031|25
3032|25
3033|25
3034|25
3035|25
3036|25
3037|25
3038|25
3039|25
3040|25
3041|25
3042|25
3043|25
3044|25
3045|25
3046|25
3047|25
3048|25
3049|25
3050|25
3051|25
3052|25
3053|25
3054|25
3055|25
3056|25
3057|25
3058|25
3059|25
3060|25
3061|25
3062|25
3063|25
3064|25
3065|25
3066|25
3067|25
3068|25
3069|25
3070|25
3071|25
3072|25
3073|25
3074|25
3075|25
3076|25
3077|25
3078|25
3079|25
3080|25
3081|25
3082|25
3083|25
3084|25
3085|25
3086|25
3087|25
3088|25
3089|25
3090|25
3091|25
3092|25
3093|25
3094|25
3095|25
3096|25
3097|25
3098|25
3099|25
3100|25
3101|25
3102|25
3103|25
3104|25
3105|25
3106|25
3107|25
3108|25
3109|25
3110|25
3111|25
3112|25
3113|25
3114|25
3115|25
3116|25
3117|25
3118|25
3119|25
3120|25
3121|25
3122|25
3123|25
3124|25
3125|25
3126|25
3127|25
3128|25
3129|25
3130|25
3131|25
3132|25
3133|25
3134|25
3135|25
3136|25
3137|25
3138|25
3139|25
3140|25
3141|25
3142|25
3143|25
3144|25
3145|25
3146|25
3147|25
3148|25
3149|25
3150|25
3151|25
3152|25
3153|25
3154|25
3155|25
3156|25
3157|25
3158|25
3159|25
3160|25
3161|25
3162|25
3163|25
3164|25
3165|25
3166|25
3167|25
3168|25
3169|25
3170|25
3171|25
3172|25
3173|25
3174|25
3175|25
3176|25
3177|25
3178|25
3179|25
3180|25
3181|25
3182|25
3183|25
3184|25
3185|25
3186|25
3187|25
3188|25
3189|25
3190|25
3191|25
3192|25
3193|25
3194|25
3195|25
3196|25
3197|25
3198|25
3199|25
3200|25
3201|25
3202|25
3203|25
3204|25
3205|25
3206|25
3207|25
3208|25
3209|25
3210|25
3211|25
3212|25
3213|25
3214|25
3215|25
3216|25
3217|25
3218|25
3219|25
3220|25
3221|25
3222|25
3223|25
3224|25
3225|25
3226|25
3227|25
3228|25
3229|25
3230|25
3231|25
3232|25
3233|25
3234|25
3235|25
3236|25
3237|25
3238|25
3239|25
3240|25
3241|25
3242|25
3243|25
3244|25
3245|25
3246|25
3247|25
3248|25
3249|25
3250|25
3251|25
3252|25
3253|25
3254|25
3255|25
3256|25
3257|25
3258|25
3259|25
3260|25
3261|25
3262|25
3263|25
3264|25
3265|25
3266|25
3267|25
3268|25
3269|25
3270|25
3271|25
3272|25
3273|25
3274|25
3275|25
3276|25
3277|25
3278|25
3279|25
3280|25
3281|25
3282|25
3283|25
3284|25
3285|25
3286|25
3287|25
3288|25
3289|25
3290|25
3291|25
3292|25
3293|25
3294|25
3295|25
3296|25
3297|25
3298|25
3299|25
3300|25
3301|25
3302|25
3303|25
3304|25
3305|25
3306|25
3307|25
3308|25
3309|25
3310|25
3311|25
3312|25
3313|25
3314|25
3315|25
3316|25
3317|25
3318|25
3319|25
3320|25
3321|25
3322|25
3323|25
3324|25
3325|25
3326|25
3327|25
3328|25
3329|25
3330|25
3331|25
3332|25
3333|25
3334|25
3335|25
3336|25
3337|25
3338|25
3339|25
3340|25
3341|25
3342|25
3343|25
3344|25
3345|25
3346|25
3347|25
3348|25
3349|25
3350|25
3351|25
3352|25
3353|25
3354|25
3355|25
3356|25
3357|25
3358|25
3359|25
3360|25
3361|25
3362|25
3363|25
3364|25
3365|25
3366|25
3367|25
3368|25
3369|25
3370|25
3371|25
3372|25
3373|25
3374|25
3375|25
3376|25
3377|25
3378|25
3379|25
3380|25
3381|25
3382|25
3383|25
3384|25
3385|25
3386|25
3387|25
3388|25
3389|25
3390|25
3391|25
3392|25
3393|25
3394|25
3395|25
3396|25
3397|25
3398|25
3399|25
3400|25
3401|25
3402|25
3403|25
3404|25
3405|25
3406|25
3407|25
3408|25
3409|25
3410|25
3411|25
3412|25
3413|25
3414|25
3415|25
3416|25
3417|25
3418|25
3419|25
3420|25
3421|25
3422|25
3423|25
3424|25
3425|25
3426|25
3427|25
3428|25
3429|25
3430|25
3431|25
3432|25
3433|25
3434|25
3435|25
3436|25
3437|25
3438|25
3439|25
3440|25
3441|25
3442|25
3443|25
3444|25
3445|25
3446|25
3447|25
3448|25
3449|25
3450|25
3451|25
3452|25
3453|25
3454|25
3455|25
3456|25
3457|25
3458|25
3459|25
3460|25
3461|25
3462|25
3463|25
3464|25
3465|25
3466|25
3467|25
3468|25
3469|25
3470|25
3471|25
3472|25
3473|25
3474|25
3475|25
3476|25
3477|25
3478|25
3479|25
3480|25
3481|25
3482|25
3483|25
3484|25
3485|25
3486|25
3487|25
3488|25
3489|25
3490|25
3491|25
3492|25
3493|25
3494|25
3495|25
3496|25
3497|25
3498|25
3499|25
3500|25
3501|25
3502|25
3503|25
3504|25
3505|25
3506|25
3507|25
3508|25
3509|25
3510|25
3511|25
3512|25
3513|25
3514|25
3515|25
3516|25
3517|25
3518|25
3519|25
3520|25
3521|25
3522|25
3523|25
3524|25
3525|25
3526|25
3527|25
3528|25
3529|25
3530|25
3531|25
3532|25
3533|25
3534|25
3535|25
3536|25
3537|25
3538|25
3539|25
3540|25
3541|25
3542|25
3543|25
3544|25
3545|25
3546|25
3547|25
3548|25
3549|25
3550|25
3551|25
3552|25
3553|25
3554|25
3555|25
3556|25
3557|25
3558|25
3559|25
3560|25
3561|25
3562|25
3563|25
3564|25
3565|25
3566|25
3567|25
3568|25
3569|25
3570|25
3571|25
3572|25
3573|25
3574|25
3575|25
3576|25
3577|25
3578|25
3579|25
3580|25
3581|25
3582|25
3583|25
3584|25
3585|25
3586|25
3587|25
3588|25
3589|25
3590|25
3591|25
3592|25
3593|25
3594|25
3595|25
3596|25
3597|25
3598|25
3599|25
3600|25
3601|25
3602|25
3603|25
3604|25
3605|25
3606|25
3607|25
3608|25
3609|25
3610|25
3611|25
3612|25
3613|25
3614|25
3615|25
3616|25
3617|25
3618|25
3619|25
3620|25
3621|25
3622|25
3623|25
3624|25
3625|25
3626|25
3627|25
3628|25
3629|25
3630|25
3631|25
3632|25
3633|25
3634|25
3635|25
3636|25
3637|25
3638|25
3639|25
3640|25
3641|25
3642|25
3643|25
3644|25
3645|25
3646|25
3647|25
3648|25
3649|25
3650|25
3651|25
3652|25
3653|25
3654|25
3655|25
3656|25
3657|25
3658|25
3659|25
3660|25
3661|25
3662|25
3663|25
3664|25
3665|25
3666|25
3667|25
3668|25
3669|25
3670|25
3671|25
3672|25
3673|25
3674|25
3675|25
3676|25
3677|25
3678|25
3679|25
3680|25
3681|25
3682|25
3683|25
3684|25
3685|25
3686|25
3687|25
3688|25
3689|25
3690|25
3691|25
3692|25
3693|25
3694|25
3695|25
3696|25
3697|25
3698|25
3699|25
3700|25
3701|25
3702|25
3703|25
3704|25
3705|25
3706|25
3707|25
3708|25
3709|25
3710|25
3711|25
3712|25
3713|25
3714|25
3715|25
3716|25
3717|25
3718|25
3719|25
3720|25
3721|25
3722|25
3723|25
3724|25
3725|25
3726|25
3727|25
3728|25
3729|25
3730|25
3731|25
3732|25
3733|25
3734|25
3735|25
3736|25
3737|25
3738|25
3739|25
3740|25
3741|25
3742|25
3743|25
3744|25
3745|25
3746|25
3747|25
3748|25
3749|25
3750|25
3751|25
3752|25
3753|25
3754|25
3755|25
3756|25
3757|25
3758|25
3759|25
3760|25
3761|25
3762|25
3763|25
3764|25
3765|25
3766|25
3767|25
3768|25
3769|25
3770|25
3771|25
3772|25
3773|25
3774|25
3775|25
3776|25
3777|25
3778|25
3779|25
3780|25
3781|25
3782|25
3783|25
3784|25
3785|25
3786|25
3787|25
3788|25
3789|25
3790|25
3791|25
3792|25
3793|25
3794|25
3795|25
3796|25
3797|25
3798|25
3799|25
3800|25
3801|25
3802|25
3803|25
3804|25
3805|25
3806|25
3807|25
3808|25
3809|25
3810|25
3811|25
3812|25
3813|25
3814|25
3815|25
3816|25
3817|25
3818|25
3819|25
3820|25
3821|25
3822|25
3823|25
3824|25
3825|25
3826|25
3827|25
3828|25
3829|25
3830|25
3831|25
3832|25
3833|25
3834|25
3835|25
3836|25
3837|25
3838|25
3839|25
3840|25
3841|25
3842|25
3843|25
3844|25
3845|25
3846|25
3847|25
3848|25
3849|25
3850|25
3851|25
3852|25
3853|25
3854|25
3855|25
3856|25
3857|25
3858|25
3859|25
3860|25
3861|25
3862|25
3863|25
3864|25
3865|25
3866|25
3867|25
3868|25
3869|25
3870|25
3871|25
3872|25
3873|25
3874|25
3875|25
3876|25
3877|25
3878|25
3879|25
3880|25
3881|25
3882|25
3883|25
3884|25
3885|25
3886|25
3887|25
3888|25
3889|25
3890|25
3891|25
3892|25
3893|25
3894|25
3895|25
3896|25
3897|25
3898|25
3899|25
3900|25
3901|25
3902|25
3903|25
3904|25
3905|25
3906|25
3907|25
3908|25
3909|25
3910|25
3911|25
3912|25
3913|25
3914|25
3915|25
3916|25
3917|25
3918|25
3919|25
3920|25
3921|25
3922|25
3923|25
3924|25
3925|25
3926|25
3927|25
3928|25
3929|25
3930|25
3931|25
3932|25
3933|25
3934|25
3935|25
3936|25
3937|25
3938|25
3939|25
3940|25
3941|25
3942|25
3943|25
3944|25
3945|25
3946|25
3947|25
3948|25
3949|25
3950|25
3951|25
3952|25
3953|25
3954|25
3955|25
3956|25
3957|25
3958|25
3959|25
3960|25
3961|25
3962|25
3963|25
3964|25
3965|25
3966|25
3967|25
3968|25
3969|25
3970|25
3971|25
3972|25
3973|25
3974|25
3975|25
3976|25
3977|25
3978|25
3979|25
3980|25
3981|25
3982|25
3983|25
3984|25
3985|25
3986|25
3987|25
3988|25
3989|25
3990|25
3991|25
3992|25
3993|25
3994|25
3995|25
3996|25
3997|25
3998|25
3999|25
4000|25
4001|25
4002|25
4003|25
4004|25
4005|25
4006|25
4007|25
4008|25
4009|25
4010|25
4011|25
4012|25
4013|25
4014|25
4015|25
4016|25
4017|25
4018|25
4019|25
4020|25
4021|25
4022|25
4023|25
4024|25
4025|25
4026|25
4027|25
4028|25
4029|25
4030|25
4031|25
4032|25
4033|25
4034|25
4035|25
4036|25
4037|25
4038|25
4039|25
4040|25
4041|25
4042|25
4043|25
4044|25
4045|25
4046|25
4047|25
4048|25
4049|25
4050|25
4051|25
4052|25
4053|25
4054|25
4055|25
4056|25
4057|25
4058|25
4059|25
4060|25
4061|25
4062|25
4063|25
4064|25
4065|25
4066|25
4067|25
4068|25
4069|25
4070|25
4071|25
4072|25
4073|25
4074|25
4075|25
4076|25
4077|25
4078|25
4079|25
4080|25
4081|25
4082|25
4083|25
4084|25
4085|25
4086|25
4087|25
4088|25
4089|25
4090|25
4091|25
4092|25
4093|25
4094|25
4095|25
4096|25
4097|25
4098|25
4099|25
4100|25
4101|25
4102|25
4103|25
4104|25
4105|25
4106|25
4107|25
4108|25
4109|25
4110|25
4111|25
4112|25
4113|25
4114|25
4115|25
4116|25
4117|25
4118|25
4119|25
4120|25
4121|25
4122|25
4123|25
4124|25
4125|25
4126|25
4127|25
4128|25
4129|25
4130|25
4131|25
4132|25
4133|25
4134|25
4135|25
4136|25
4137|25
4138|25
4139|25
4140|25
4141|25
4142|25
4143|25
4144|25
4145|25
4146|25
4147|25
4148|25
4149|25
4150|25
4151|25
4152|25
4153|25
4154|25
4155|25
4156|25
4157|25
4158|25
4159|25
4160|25
4161|25
4162|25
4163|25
4164|25
4165|25
4166|25
4167|25
4168|25
4169|25
4170|25
4171|25
4172|25
4173|25
4174|25
4175|25
4176|25
4177|25
4178|25
4179|25
4180|25
4181|25
4182|25
4183|25
4184|25
4185|25
4186|25
4187|25
4188|25
4189|25
4190|25
4191|25
4192|25
4193|25
4194|25
4195|25
4196|25
4197|25
4198|25
4199|25
4200|25
4201|25
4202|25
4203|25
4204|25
4205|25
4206|25
4207|25
4208|25
4209|25
4210|25
4211|25
4212|25
4213|25
4214|25
4215|25
4216|25
4217|25
4218|25
4219|25
4220|25
4221|25
4222|25
4223|25
4224|25
4225|25
4226|25
4227|25
4228|25
4229|25
4230|25
4231|25
4232|25
4233|25
4234|25
4235|25
4236|25
4237|25
4238|25
4239|25
4240|25
4241|25
4242|25
4243|25
4244|25
4245|25
4246|25
4247|25
4248|25
4249|25
4250|25
4251|25
4252|25
4253|25
4254|25
4255|25
4256|25
4257|25
4258|25
4259|25
4260|25
4261|25
4262|25
4263|25
4264|25
4265|26
4266|26
4267|26
4268|26
4269|26
4270|26
4271|26
4272|26
4273|26
4274|26
4275|26
4276|26
4277|26
4278|26
4279|26
4280|26
4281|26
4282|26
4283|26
4284|26
4285|26
4286|26
4287|26
4288|26
4289|26
4290|26
4291|26
4292|26
4293|26
4294|26
4295|26
4296|26
4297|26
4298|26
4299|26
4300|26
4301|26
4302|26
4303|26
4304|26
4305|26
4306|26
4307|26
4308|26
4309|26
4310|26
4311|26
4312|26
4313|26
4314|26
4315|26
4316|26
4317|26
4318|26
4319|26
4320|26
4321|26
4322|26
4323|26
4324|26
4325|26
4326|26
4327|26
4328|26
4329|26
4330|26
4331|26
4332|26
4333|26
4334|26
4335|26
4336|26
4337|26
4338|26
4339|26
4340|26
4341|26
4342|26
4343|26
4344|26
4345|26
4346|26
4347|26
4348|26
4349|26
4350|26
4351|26
4352|26
4353|26
4354|26
4355|26
4356|26
4357|26
4358|26
4359|26
4360|26
4361|26
4362|26
4363|26
4364|26
4365|26
4366|26
4367|26
4368|26
4369|26
4370|26
4371|26
4372|26
4373|26
4374|26
4375|26
4376|26
4377|26
4378|26
4379|26
4380|26
4381|26
4382|26
4383|26
4384|26
4385|26
4386|26
4387|26
4388|26
4389|26
4390|26
4391|26
4392|26
4393|26
4394|26
4395|26
4396|26
4397|26
4398|26
4399|26
4400|26
4401|26
4402|26
4403|26
4404|26
4405|26
4406|26
4407|26
4408|26
4409|26
4410|26
4411|26
4412|26
4413|26
4414|26
4415|26
4416|26
4417|26
4418|26
4419|26
4420|26
4421|26
4422|26
4423|26
4424|26
4425|26
4426|26
4427|26
4428|26
4429|26
4430|26
4431|26
4432|26
4433|26
4434|26
4435|26
4436|26
4437|26
4438|26
4439|26
4440|26
4441|26
4442|26
4443|26
4444|26
4445|26
4446|26
4447|26
4448|26
4449|26
4450|26
4451|26
4452|26
4453|26
4454|26
4455|26
4456|26
4457|26
4458|26
4459|26
4460|26
4461|26
4462|26
4463|26
4464|26
4465|26
4466|26
4467|26
4468|26
4469|26
4470|26
4471|26
4472|26
4473|26
4474|26
4475|26
4476|26
4477|26
4478|26
4479|26
4480|26
4481|26
4482|26
4483|26
4484|26
4485|26
4486|26
4487|26
4488|26
4489|26
4490|26
4491|26
4492|26
4493|26
4494|26
4495|26
4496|26
4497|26
4498|26
4499|26
4500|26
4501|26
4502|26
4503|26
4504|26
4505|26
4506|26
4507|26
4508|26
4509|26
4510|26
4511|26
4512|26
4513|26
4514|26
4515|26
4516|26
4517|26
4518|26
4519|26
4520|26
4521|26
4522|26
4523|26
4524|26
4525|26
4526|26
4527|26
4528|26
4529|26
4530|26
4531|26
4532|26
4533|26
4534|26
4535|26
4536|26
4537|26
4538|26
4539|26
4540|26
4541|26
4542|26
4543|26
4544|26
4545|26
4546|26
4547|26
4548|26
4549|26
4550|26
4551|26
4552|26
4553|26
4554|26
4555|26
4556|26
4557|26
4558|26
4559|26
4560|26
4561|26
4562|26
4563|26
4564|26
4565|26
4566|26
4567|26
4568|26
4569|26
4570|26
4571|26
4572|26
4573|26
4574|26
4575|26
4576|26
4577|26
4578|26
4579|26
4580|26
4581|26
4582|26
4583|26
4584|26
4585|26
4586|26
4587|26
4588|26
4589|26
4590|26
4591|26
4592|26
4593|26
4594|26
4595|26
4596|26
4597|26
4598|26
4599|26
4600|26
4601|26
4602|26
4603|26
4604|26
4605|26
4606|26
4607|26
4608|26
4609|26
4610|26
4611|26
4612|26
4613|26
4614|26
4615|26
4616|26
4617|26
4618|26
4619|26
4620|26
4621|26
4622|26
4623|26
4624|26
4625|26
4626|26
4627|26
4628|26
4629|26
4630|26
4631|26
4632|26
4633|26
4634|26
4635|26
4636|26
4637|26
4638|26
4639|26
4640|26
4641|26
4642|26
4643|26
4644|26
4645|26
4646|26
4647|26
4648|26
4649|26
4650|26
4651|26
4652|26
4653|26
4654|26
4655|26
4656|26
4657|26
4658|26
4659|26
4660|26
4661|26
4662|26
4663|26
4664|26
4665|26
4666|26
4667|26
4668|26
4669|26
4670|26
4671|26
4672|26
4673|26
4674|26
4675|26
4676|26
4677|26
4678|26
4679|26
4680|26
4681|26
4682|26
4683|26
4684|26
4685|26
4686|26
4687|26
4688|26
4689|26
4690|26
4691|26
4692|26
4693|26
4694|26
4695|26
4696|26
4697|26
4698|26
4699|26
4700|26
4701|26
4702|26
4703|26
4704|26
4705|26
4706|26
4707|26
4708|26
4709|26
4710|26
4711|26
4712|26
4713|26
4714|26
4715|26
4716|26
4717|26
4718|26
4719|26
4720|26
4721|26
4722|26
4723|26
4724|26
4725|26
4726|26
4727|26
4728|26
4729|26
4730|26
4731|26
4732|26
4733|26
4734|26
4735|26
4736|26
4737|26
4738|26
4739|26
4740|26
4741|26
4742|26
4743|26
4744|26
4745|26
4746|26
4747|26
4748|26
4749|26
4750|26
4751|26
4752|26
4753|26
4754|26
4755|26
4756|26
4757|26
4758|26
4759|26
4760|26
4761|26
4762|26
4763|26
4764|26
4765|26
4766|26
4767|26
4768|26
4769|26
4770|26
4771|26
4772|26
4773|26
4774|26
4775|26
4776|26
4777|26
4778|26
4779|26
4780|26
4781|26
4782|26
4783|26
4784|26
4785|26
4786|26
4787|26
4788|26
4789|26
4790|26
4791|26
4792|26
4793|26
4794|26
4795|26
4796|26
4797|26
4798|26
4799|26
4800|26
4801|26
4802|26
4803|26
4804|26
4805|26
4806|26
4807|26
4808|26
4809|26
4810|26
4811|26
4812|26
4813|26
4814|26
4815|26
4816|26
4817|26
4818|26
4819|26
4820|26
4821|26
4822|26
4823|26
4824|26
4825|26
4826|26
4827|26
4828|26
4829|26
4830|26
4831|26
4832|26
4833|26
4834|26
4835|26
4836|26
4837|26
4838|26
4839|26
4840|26
4841|26
4842|26
4843|26
4844|26
4845|26
4846|26
4847|26
4848|26
4849|26
4850|26
4851|26
4852|26
4853|26
4854|26
4855|26
4856|26
4857|26
4858|26
4859|26
4860|26
4861|26
4862|26
4863|26
4864|26
4865|26
4866|26
4867|26
4868|26
4869|26
4870|26
4871|26
4872|26
4873|26
4874|26
4875|26
4876|26
4877|26
4878|26
4879|26
4880|26
4881|26
4882|26
4883|26
4884|26
4885|26
4886|26
4887|26
4888|26
4889|26
4890|26
4891|26
4892|26
4893|26
4894|26
4895|26
4896|26
4897|26
4898|26
4899|26
4900|26
4901|26
4902|26
4903|26
4904|26
4905|26
4906|26
4907|26
4908|26
4909|26
4910|26
4911|26
4912|26
4913|26
4914|26
4915|26
4916|26
4917|26
4918|26
4919|26
4920|26
4921|26
4922|26
4923|26
4924|26
4925|26
4926|26
4927|26
4928|26
4929|26
4930|26
4931|26
4932|26
4933|26
4934|26
4935|26
4936|26
4937|26
4938|26
4939|26
4940|26
4941|26
4942|26
4943|26
4944|26
4945|26
4946|26
4947|26
4948|26
4949|26
4950|26
4951|26
4952|26
4953|26
4954|26
4955|26
4956|26
4957|26
4958|26
4959|26
4960|26
4961|26
4962|26
4963|26
4964|26
4965|26
4966|26
4967|26
4968|26
4969|26
4970|26
4971|26
4972|26
4973|26
4974|26
4975|26
4976|26
4977|26
4978|26
4979|26
4980|26
4981|26
4982|26
4983|26
4984|26
4985|26
4986|26
4987|26
4988|26
4989|26
4990|26
4991|26
4992|26
4993|26
4994|26
4995|26
4996|26
4997|26
4998|26
4999|26
5000|26
