10|24
12|6
10|5
14|6
12|5
12|5
12|5
10|5
10|5
14|6
14|6
12|5
14|6
12|5
14|6
12|5
12|5
12|5
10|5
12|5
10|5
10|5
12|5
12|5
10|18
12|5
12|5
10|6
12|6
10|5
12|5
12|5
12|5
14|6
12|5
10|5
12|5
12|5
14|6
12|5
14|6
10|5
12|5
10|5
12|5
12|5
12|5
14|6
12|5
14|6
12|5
14|6
14|6
12|5
12|5
14|6
10|5
12|5
16|7
10|5
10|5
14|6
12|5
14|6
14|6
12|5
12|5
12|5
12|5
12|5
12|5
12|5
12|5
12|5
14|6
14|6
14|6
14|6
12|5
12|5
10|5
10|5
10|5
12|5
12|5
12|5
12|5
12|5
12|5
10|5
10|5
12|5
10|5
12|5
10|5
10|5
14|6
12|5
14|6
14|6
24|13
20|11
26|13
20|11
22|12
24|13
26|13
26|13
28|14
22|12
26|13
24|12
26|13
26|13
24|13
22|12
22|12
22|11
26|13
26|13
20|11
24|12
26|12
22|11
24|12
20|11
26|13
22|11
24|12
22|11
20|11
22|12
24|12
22|12
26|13
22|11
22|11
24|12
24|12
22|11
24|12
28|13
26|13
22|11
28|13
24|12
22|11
22|11
24|12
20|10
24|12
26|12
24|12
22|11
28|13
20|10
24|12
22|11
26|12
24|12
20|11
24|12
24|12
24|12
24|12
26|12
24|12
20|39
22|12
24|12
22|11
22|12
26|12
24|12
30|13
24|12
22|11
24|12
22|11
24|12
24|12
24|12
24|11
28|13
22|11
20|10
24|12
24|12
22|11
26|12
24|12
26|12
20|10
20|11
26|12
24|12
22|11
20|10
26|12
20|11
32|24
42|23
36|20
30|18
32|19
34|19
36|20
38|21
34|19
36|20
38|21
34|20
36|20
38|21
38|21
34|20
34|20
34|19
30|19
36|21
32|19
30|18
34|20
34|20
34|33
36|34
32|33
34|20
30|32
32|19
30|18
34|20
38|21
34|20
36|20
34|20
38|21
36|20
36|21
32|19
32|19
32|32
38|21
34|20
34|20
34|20
36|21
38|21
34|20
38|21
32|19
36|20
30|18
30|18
30|18
34|19
30|18
36|21
36|20
34|20
40|22
36|20
34|32
32|19
34|20
32|19
30|18
32|19
34|20
34|20
36|21
36|35
32|32
30|18
38|21
34|20
34|20
34|20
34|20
36|21
36|21
34|20
32|19
36|20
34|20
34|20
32|19
36|21
32|19
30|18
30|18
36|21
32|19
36|21
36|20
36|21
36|21
34|20
36|21
32|19
48|54
42|43
42|43
40|41
44|44
46|44
46|45
48|45
46|45
46|44
48|46
46|45
44|44
48|45
46|45
50|33
48|46
44|44
44|44
48|45
44|43
46|45
48|46
46|44
46|45
42|42
42|43
48|45
48|46
44|43
44|44
44|43
50|46
40|41
42|43
44|43
46|45
48|45
46|45
48|45
44|44
44|43
44|44
44|43
42|44
44|44
48|46
42|43
44|44
44|44
46|45
44|44
42|42
46|45
44|44
42|42
44|43
46|44
46|45
48|46
44|45
48|45
44|44
46|45
44|44
46|45
46|45
42|43
46|44
42|43
46|45
46|45
48|46
44|44
46|45
50|47
46|45
42|43
46|44
48|46
44|44
46|45
46|45
48|46
46|45
48|46
44|44
44|43
48|32
46|45
46|31
44|30
46|31
44|31
52|34
46|31
44|31
46|31
44|30
46|31
60|60
58|45
52|42
60|46
56|43
54|42
52|41
58|45
56|43
56|43
56|45
58|45
52|41
56|54
56|43
52|52
60|46
60|45
52|41
58|44
56|43
50|40
54|42
56|43
58|46
58|63
58|45
52|42
56|43
60|45
54|42
52|41
58|44
54|42
56|43
56|43
52|41
58|44
52|41
52|41
52|41
54|42
58|44
58|44
62|46
58|44
58|44
56|57
56|43
58|45
54|42
56|43
58|44
56|43
58|44
60|46
54|57
54|42
54|42
56|44
56|43
56|58
58|58
54|56
52|41
54|56
56|44
54|42
52|41
56|43
58|44
54|42
58|45
54|42
54|42
58|44
58|44
52|55
62|61
62|46
50|40
56|43
54|42
56|143
54|42
56|45
58|45
58|56
60|46
56|43
50|40
54|56
56|43
54|42
52|40
56|43
54|42
58|44
56|43
56|43
64|82
64|72
62|55
72|62
64|56
68|59
66|57
70|60
72|76
70|60
72|62
66|58
62|55
62|55
64|56
62|55
68|73
64|57
64|56
62|55
66|57
70|60
70|60
64|56
66|58
68|59
66|57
66|57
64|56
66|59
62|55
62|55
66|58
60|54
66|58
64|57
68|60
70|72
70|61
72|78
60|53
70|60
68|58
66|58
66|58
66|57
64|56
68|59
64|57
66|58
64|56
64|56
62|55
66|59
64|57
66|58
72|62
70|60
64|56
64|57
66|59
70|63
64|58
64|57
60|64
64|57
68|59
66|58
64|59
70|61
62|55
70|63
64|58
62|55
68|59
64|57
68|60
68|60
68|59
66|58
68|79
64|58
62|55
62|56
70|61
68|59
70|71
66|72
66|71
66|59
66|59
64|56
66|72
66|72
64|78
64|57
68|60
66|71
68|82
70|74
78|125
78|76
80|96
80|78
76|75
78|76
72|72
84|80
76|75
82|78
72|72
78|77
78|78
76|89
74|74
80|77
78|78
78|87
76|76
78|77
78|77
76|74
76|75
74|74
76|76
70|71
74|74
82|80
74|75
78|77
74|74
72|85
78|79
80|130
76|100
78|76
70|70
72|71
74|72
80|99
80|78
80|96
76|76
74|73
76|75
76|74
76|74
80|95
72|90
76|75
78|75
76|74
76|75
76|75
74|73
76|74
72|71
78|75
76|74
76|74
80|77
76|73
76|73
76|74
82|78
80|77
74|73
74|73
76|74
76|74
72|73
78|76
78|77
74|74
76|75
72|71
70|69
74|72
76|74
74|73
76|75
74|73
86|92
72|71
78|77
80|78
72|82
74|73
74|73
82|79
82|79
74|78
82|82
80|78
80|78
80|77
80|78
76|74
74|73
76|73
94|114
84|94
86|94
84|92
88|95
84|110
82|90
82|90
86|93
86|93
86|94
88|94
88|95
88|95
84|91
84|91
84|92
90|97
88|95
88|95
86|93
82|90
88|95
88|95
88|94
90|96
86|93
84|91
86|93
90|95
84|113
86|92
80|88
84|91
82|90
84|94
90|101
88|97
90|107
88|105
84|92
82|90
86|94
84|92
82|90
86|93
92|98
84|91
84|92
86|93
88|94
86|93
82|90
84|92
84|92
88|129
88|94
84|91
84|91
86|93
84|92
86|94
84|92
86|93
86|94
94|100
88|95
84|91
92|97
88|95
84|91
90|96
80|88
84|92
88|95
84|92
80|88
84|92
84|92
92|98
86|93
84|91
88|95
84|91
90|97
80|88
84|91
84|92
82|90
86|92
84|92
84|91
88|95
84|92
86|94
90|96
86|93
82|206
86|100
84|93
100|137
96|115
94|113
94|113
96|115
98|116
96|113
96|115
100|118
96|114
94|112
98|116
96|115
96|115
94|112
98|115
102|120
96|115
92|111
100|118
92|110
96|114
100|118
96|115
96|114
94|113
92|111
98|151
98|117
102|120
94|113
100|118
96|114
98|116
100|118
94|112
92|111
96|114
98|116
96|114
94|113
98|115
94|113
94|112
102|119
90|109
98|116
94|113
98|117
96|114
98|116
100|119
98|118
94|116
100|120
98|117
98|118
98|116
108|124
92|111
96|115
96|115
102|120
94|112
92|110
98|116
96|114
96|115
96|114
94|113
100|119
92|112
94|113
96|115
98|116
100|118
98|116
96|113
100|117
96|114
96|114
94|113
104|121
102|120
92|111
96|115
94|113
92|111
98|116
98|116
98|116
94|113
96|114
96|114
94|112
100|118
94|112
102|120
94|113
98|116
108|166
104|138
108|140
110|142
104|315
102|138
106|143
106|141
104|138
106|143
110|143
106|138
112|143
102|134
108|140
112|144
102|134
104|136
104|136
106|138
110|180
104|137
104|138
110|143
110|142
102|134
108|140
110|142
108|139
104|137
108|141
106|137
104|136
102|134
110|142
108|140
108|142
112|144
104|136
104|137
110|143
106|139
108|140
102|135
104|137
106|139
108|140
110|142
114|146
104|153
106|138
102|135
108|140
108|150
106|143
108|147
106|144
110|146
104|138
108|141
110|143
104|139
108|143
106|141
102|136
110|143
104|136
106|138
104|136
106|138
110|143
110|143
104|136
104|136
104|136
112|155
106|138
104|136
112|144
108|140
110|142
110|142
106|137
108|140
104|136
110|142
108|140
108|142
104|137
106|138
108|141
106|139
104|136
104|136
108|140
106|138
102|134
106|137
100|132
108|144
120|219
122|173
114|164
118|168
120|167
110|157
116|164
118|165
112|161
118|168
120|169
120|168
118|166
118|165
116|164
118|166
120|168
112|160
116|164
120|169
116|163
116|164
114|161
118|166
120|168
122|169
116|163
118|166
122|169
116|164
124|173
118|165
120|167
116|164
118|166
114|161
118|166
118|166
116|163
120|168
114|161
114|161
120|242
120|171
114|162
116|168
120|169
120|169
118|168
116|166
114|163
116|164
118|165
118|174
118|166
116|165
114|161
116|164
120|168
120|178
112|159
116|163
116|165
110|157
114|161
122|170
124|172
124|172
116|162
112|160
114|162
114|162
118|165
114|161
116|163
122|169
118|166
114|161
122|169
114|161
116|164
116|165
116|252
114|165
118|168
120|181
114|164
120|172
114|162
120|168
118|165
114|162
116|164
116|163
118|166
124|172
114|161
120|167
118|166
114|162
128|220
128|197
128|193
122|187
128|219
130|195
128|194
124|189
132|197
132|197
124|190
126|191
132|198
130|196
124|189
124|189
136|203
126|191
126|191
134|201
126|191
130|196
126|212
122|191
126|277
130|200
124|191
128|230
128|193
120|184
122|187
128|196
130|198
124|190
130|197
134|201
124|189
130|208
132|199
124|190
126|192
128|194
126|192
126|192
126|193
126|193
130|198
128|194
136|204
126|192
128|194
124|189
126|191
124|189
126|191
128|194
124|189
132|198
124|190
126|197
128|202
128|211
132|206
128|198
124|189
130|195
124|189
128|192
140|208
130|197
132|198
130|243
124|191
130|224
126|193
122|187
124|190
126|192
122|188
128|195
122|187
122|186
126|191
126|191
132|199
126|190
128|194
126|191
124|189
130|196
126|191
122|187
126|191
130|198
126|192
128|209
122|193
122|203
124|190
128|205
136|248
140|232
138|231
136|224
136|224
138|227
134|221
136|223
136|224
138|225
138|226
140|228
140|228
144|279
140|230
144|235
134|222
132|220
140|230
138|227
134|222
134|222
138|227
132|219
140|230
138|227
136|224
136|225
134|229
142|247
138|239
144|263
136|228
138|229
138|227
138|227
130|217
138|227
136|225
136|226
134|224
142|233
146|236
134|222
138|226
136|224
134|222
144|233
140|229
138|253
136|223
138|226
138|226
142|232
134|222
138|238
138|227
136|225
132|227
138|238
138|240
138|228
134|226
134|229
138|242
134|223
134|222
138|227
136|224
134|221
134|221
138|227
136|224
138|226
146|259
136|224
138|227
138|225
140|229
136|225
146|235
140|228
140|228
134|222
136|225
132|219
132|219
138|238
136|224
136|225
146|237
138|227
136|247
142|240
144|236
130|217
134|222
142|232
146|235
140|229
150|278
146|255
142|251
146|255
150|261
150|263
150|262
156|317
144|255
144|255
144|255
146|257
144|254
146|257
146|258
148|259
158|271
148|261
148|259
152|276
146|288
144|259
148|262
144|254
150|262
144|254
144|255
148|259
148|260
142|252
148|259
150|262
150|262
146|273
146|258
152|264
146|258
152|265
144|255
150|288
144|282
152|292
150|290
152|294
150|291
156|300
148|330
150|297
142|280
156|311
150|294
150|295
152|276
150|263
150|262
148|260
146|255
144|254
144|253
148|259
152|264
144|254
148|257
150|264
156|287
148|266
144|258
144|258
144|283
152|270
146|278
150|270
148|390
148|279
152|277
142|268
142|268
148|371
142|259
146|310
148|267
146|262
148|264
146|258
148|262
142|255
158|274
142|252
144|255
152|265
142|269
148|261
148|263
146|283
148|264
142|253
154|269
144|254
148|260
146|257
160|337
154|311
150|302
156|318
156|311
156|321
162|327
156|306
162|324
156|365
152|343
156|303
154|303
160|311
162|314
160|311
156|306
160|387
162|315
162|314
160|312
164|315
156|305
154|448
158|344
164|434
162|319
162|317
156|457
154|362
150|309
164|314
154|356
156|307
156|307
160|312
158|308
160|311
158|309
170|326
162|330
160|311
154|302
158|311
162|323
154|303
158|333
158|350
158|313
156|308
156|454
160|403
158|309
154|300
156|302
156|301
152|297
158|305
158|338
160|307
156|301
158|307
160|324
156|302
158|306
160|307
162|308
156|302
154|298
154|299
154|468
164|337
164|365
158|318
154|304
162|321
156|304
162|311
162|310
160|308
156|303
154|300
160|307
162|321
160|309
158|306
156|302
160|322
162|311
158|304
152|296
154|299
152|296
150|293
156|505
160|330
160|317
156|309
160|309
164|314
168|366
164|357
164|355
170|362
162|351
164|353
168|389
172|367
164|355
176|370
166|355
164|353
166|357
174|367
170|364
166|355
170|363
170|468
164|391
174|376
174|398
162|351
172|366
166|357
166|356
168|361
166|358
170|362
170|364
170|374
166|356
164|354
168|359
174|394
166|356
168|359
164|354
168|360
168|370
172|518
166|373
170|500
172|365
164|353
162|351
164|353
166|401
172|364
166|357
172|366
174|369
164|354
172|367
168|360
168|359
170|374
166|358
168|360
168|372
174|369
166|449
168|379
166|367
172|378
168|361
166|356
174|369
170|393
170|364
164|355
164|354
166|356
164|354
166|356
172|365
164|354
170|362
166|358
168|361
168|366
166|369
164|355
166|508
168|370
168|362
168|361
176|371
164|365
168|361
170|363
174|370
164|358
170|359
168|362
164|357
170|366
168|408
168|412
164|459
170|378
172|410
180|419
174|410
172|406
176|417
178|414
190|437
172|419
184|438
176|415
176|416
180|437
176|420
178|423
174|423
176|419
174|445
174|547
174|433
178|433
176|414
182|450
180|431
178|557
182|611
190|499
176|512
184|528
174|452
176|432
176|462
174|427
180|449
180|431
170|405
178|422
178|434
172|426
182|460
184|464
176|420
182|428
176|434
176|421
174|427
182|475
184|432
178|420
174|431
176|483
170|404
174|409
178|438
180|460
172|483
182|423
178|417
178|418
182|462
180|423
178|414
172|406
176|444
174|423
178|430
182|422
178|449
176|412
178|417
178|416
178|427
174|424
178|445
174|426
180|481
182|422
174|414
176|444
180|419
182|444
184|425
178|412
176|409
178|413
178|414
178|413
178|414
180|416
174|417
178|413
178|441
180|415
176|437
176|427
174|408
174|406
186|438
174|406
180|416
174|407
186|466
188|466
192|475
190|472
190|474
182|457
186|464
192|472
188|469
188|513
190|487
186|475
188|495
190|485
194|476
188|466
186|464
186|476
188|469
182|458
184|461
184|461
186|466
186|464
188|486
188|467
192|474
188|466
194|478
184|761
184|473
194|491
188|469
188|467
190|472
186|497
186|465
184|460
196|479
186|465
184|460
194|477
186|465
186|465
188|468
190|470
188|467
188|542
186|554
188|474
192|475
194|489
194|479
196|481
182|457
188|482
184|463
192|480
184|476
182|462
184|465
184|465
188|470
184|463
186|467
198|491
184|503
198|549
186|468
186|468
188|473
186|469
188|472
188|473
188|474
186|468
184|478
188|471
192|478
184|465
186|470
196|520
190|617
190|541
192|521
182|506
188|478
192|491
190|471
194|483
190|485
192|482
188|481
188|468
186|464
186|464
190|471
192|474
184|487
188|470
200|568
198|541
194|516
202|526
194|512
200|524
194|513
196|516
200|539
196|545
190|506
194|513
196|517
202|527
200|525
190|506
192|521
192|557
192|523
200|556
194|512
198|518
198|521
202|540
198|534
196|520
206|534
194|514
192|510
198|556
198|523
200|526
202|531
198|521
192|541
196|613
198|532
192|522
204|531
200|538
198|530
204|534
196|515
194|512
196|528
196|516
194|512
196|517
196|518
192|541
196|516
204|585
198|541
198|525
200|523
196|518
194|514
198|532
204|531
200|533
198|524
194|519
200|527
198|535
202|537
198|528
194|520
200|528
196|544
200|566
194|535
200|565
194|540
194|544
204|581
194|549
194|545
200|542
200|566
196|532
196|542
202|880
194|5649
206|604
190|572
194|566
200|546
196|622
202|542
204|600
198|581
200|617
198|582
198|646
198|620
202|727
202|541
194|562
194|530
196|518
208|602
210|602
208|615
222|678
206|654
206|633
216|635
206|621
208|624
212|745
204|734
202|893
214|642
206|1253
210|628
204|625
214|659
204|617
208|616
206|631
212|626
204|594
212|720
204|627
214|4186
208|623
208|629
214|657
210|663
208|655
208|652
210|766
206|654
208|647
204|644
214|1398
208|622
204|652
206|595
214|600
206|591
216|618
212|594
210|589
208|628
202|604
210|615
212|638
202|603
208|644
208|622
206|604
204|609
208|611
206|637
206|603
206|612
214|618
204|600
206|603
208|626
208|621
202|600
210|648
208|625
208|614
206|608
212|621
208|604
204|607
204|620
210|598
210|593
204|580
214|597
204|579
208|600
202|581
206|583
214|656
206|640
206|623
214|619
212|650
210|618
204|600
208|702
206|591
212|600
208|585
206|602
202|582
206|603
208|620
206|637
204|596
208|594
212|702
202|589
210|601
222|674
222|664
222|668
226|677
216|645
216|644
220|661
222|669
224|847
214|652
216|667
216|653
218|646
220|650
216|640
224|657
222|652
226|692
218|645
220|653
212|634
216|641
214|637
222|668
216|645
226|661
220|659
218|682
218|647
216|658
218|658
220|825
220|652
218|644
218|644
212|645
226|689
216|652
216|740
220|683
216|676
218|670
216|699
220|660
220|652
218|648
216|643
220|647
216|641
216|642
220|651
214|680
216|697
214|671
212|662
216|654
212|637
216|643
220|665
216|659
220|672
214|665
218|657
226|665
216|741
224|687
224|662
218|649
214|642
220|660
218|648
230|678
224|670
212|641
218|651
212|641
216|659
218|660
216|644
214|675
220|668
222|672
224|734
212|658
226|720
222|673
210|638
214|639
226|727
220|662
216|651
214|759
220|666
222|673
218|673
216|654
218|648
214|641
226|679
218|659
226|735
230|732
236|738
230|713
228|754
228|715
224|714
230|842
232|814
226|718
228|724
228|708
230|711
226|700
228|706
226|730
224|701
230|825
232|755
228|773
224|705
224|704
226|742
224|705
232|723
228|713
236|771
240|739
224|857
232|880
224|713
228|742
222|706
228|707
226|702
224|697
228|717
230|735
226|699
232|715
230|710
226|720
232|743
232|716
230|711
228|709
226|702
226|703
226|701
226|719
232|714
222|695
234|724
228|750
230|771
234|725
226|702
228|704
230|709
230|711
234|716
234|721
228|705
228|704
222|692
228|704
236|898
224|734
228|705
238|725
234|742
226|708
226|709
226|707
224|704
230|720
228|729
234|727
224|766
228|761
226|705
224|699
228|727
228|706
226|702
228|705
228|705
226|702
222|695
226|716
230|710
236|733
222|701
226|700
228|822
236|726
232|715
234|731
234|745
230|710
238|776
232|772
246|791
238|789
240|783
240|793
236|769
234|765
244|783
236|818
238|775
248|797
240|791
238|783
238|771
236|785
242|784
236|785
238|774
242|778
238|772
242|794
248|796
240|902
234|785
242|793
242|815
238|789
240|778
236|772
240|778
242|778
232|762
242|796
236|768
236|768
234|791
238|784
240|884
240|784
244|784
236|806
240|776
242|786
236|769
234|776
244|788
246|789
236|786
242|791
234|785
234|778
238|774
242|781
240|815
234|764
238|772
236|768
242|796
242|781
244|791
236|800
234|785
242|787
234|765
242|780
232|763
246|790
234|762
234|782
242|779
240|776
244|787
238|905
238|784
242|777
236|769
234|766
242|780
246|788
240|777
244|794
234|770
236|774
238|954
238|788
242|782
234|838
242|785
240|786
232|760
236|768
236|777
244|816
238|791
240|779
242|913
236|782
238|776
240|803
246|841
248|868
256|854
248|853
246|840
248|841
254|851
254|961
254|955
250|881
246|850
250|852
246|844
250|871
246|867
250|882
250|897
250|922
248|876
250|878
246|846
250|849
244|832
252|849
246|870
248|843
250|873
242|827
250|1005
250|916
244|905
250|875
244|881
254|912
254|867
248|871
250|868
246|844
256|1096
246|848
250|858
252|858
246|842
248|841
248|848
248|858
252|847
248|838
250|1268
252|873
248|898
248|841
248|842
246|851
246|835
250|843
246|834
250|843
252|878
244|1050
244|852
244|832
242|826
250|879
252|847
250|844
246|834
242|826
248|841
246|1276
250|852
244|830
248|851
252|848
246|837
248|839
254|864
256|856
250|844
244|977
246|870
248|842
248|847
250|843
246|835
244|829
246|860
248|839
246|833
252|863
246|1056
250|855
258|860
246|836
250|845
246|862
242|825
244|830
250|845
244|857
256|1085
254|915
260|914
260|912
256|915
258|907
260|910
254|912
260|913
258|908
252|1102
258|927
264|918
260|954
260|928
260|911
258|906
252|892
260|908
264|924
260|1073
256|932
262|918
256|905
256|903
260|910
262|918
260|914
260|929
258|904
256|982
258|936
258|914
260|913
258|907
260|920
260|909
260|908
258|905
260|912
260|992
262|930
258|919
258|906
256|901
256|901
258|907
254|897
260|911
260|931
254|911
262|931
250|891
256|901
262|1120
256|924
258|908
262|913
254|899
258|905
254|904
258|915
254|895
256|920
262|914
262|913
260|910
254|904
260|918
258|906
256|901
256|919
256|905
262|947
256|901
260|909
262|913
262|1000
256|936
256|919
256|907
260|984
260|914
260|912
258|905
256|947
256|907
260|1012
262|919
264|921
256|925
260|925
256|904
254|911
256|899
260|910
252|892
258|927
252|894
254|899
272|1050
268|981
270|988
266|980
270|988
264|982
268|978
268|1007
272|984
266|991
266|970
268|975
268|986
268|983
272|1003
274|1000
270|976
266|968
278|1175
266|1122
272|988
266|981
274|986
266|1036
268|1005
264|963
268|976
270|991
268|983
266|967
268|975
268|974
274|985
276|1020
268|974
276|1000
268|975
266|989
264|968
272|982
266|968
266|995
272|997
270|976
262|958
266|968
264|992
276|998
264|964
262|959
266|971
266|985
262|969
272|993
272|979
266|966
270|996
268|973
272|1006
268|974
270|1093
272|986
272|998
266|982
264|961
266|979
268|980
270|980
266|966
270|982
268|986
264|1117
266|993
272|982
268|971
266|1158
266|976
274|1019
260|955
270|975
264|976
270|976
268|991
264|963
264|981
266|985
276|1004
268|979
266|967
264|964
262|985
272|996
278|1052
274|999
272|1064
272|1002
268|976
272|981
270|979
266|969
276|1063
272|1032
272|1031
284|1516
280|1067
276|1040
274|1035
286|1062
284|1102
278|1047
278|1045
274|1112
274|1078
284|1086
282|1073
282|1075
276|1070
274|1053
284|1093
280|1068
286|1217
280|1072
286|1104
276|1057
272|1044
278|1061
278|1060
276|1053
284|1097
284|1127
280|1081
278|1076
278|1089
278|1097
278|1107
276|1086
276|1189
276|1148
278|1086
282|1104
278|1050
286|1068
276|1064
282|1061
276|1051
278|1203
274|1062
272|1051
276|1068
276|1083
274|1049
284|1077
274|1050
290|1086
274|1057
274|1110
272|1090
280|1096
278|1072
276|1055
276|1066
274|1038
286|1082
280|1088
276|1319
272|1083
274|1040
282|1091
280|1067
284|1060
280|1051
274|1053
282|1232
278|1060
278|1063
278|1047
282|1061
280|1062
280|1050
274|1037
286|1081
278|1134
276|1056
280|1064
278|1047
276|1063
274|1059
282|1054
280|1051
274|1054
276|1085
278|1056
282|1067
276|1040
274|1036
276|1054
278|1044
284|1064
276|1057
284|1104
284|1126
286|1135
292|1166
290|1146
284|1115
290|1129
288|1140
290|1193
288|1311
292|1154
290|1130
284|1114
292|1137
290|1146
290|1132
298|1156
282|1132
292|1151
288|1148
286|1145
284|1129
296|1159
286|1134
292|1175
288|1143
284|1128
292|1158
288|1140
286|1135
284|1139
286|1133
300|1170
290|1149
286|1122
284|1116
288|1128
288|1142
282|1112
288|1127
288|1156
292|1159
290|1132
284|1116
286|1121
292|1155
284|1118
290|1134
284|1120
286|1157
288|1125
292|1135
290|1131
288|1140
288|1126
294|1208
292|1158
288|1318
288|1190
292|1215
290|1169
290|1146
286|1161
292|1163
294|1154
284|1162
290|1170
286|1144
296|1161
284|1140
288|1141
284|1131
290|1169
286|1137
290|1132
284|1118
284|1117
296|1167
298|1158
288|1124
284|1126
302|1158
284|1123
296|1160
286|1121
286|1123
286|1134
288|1154
288|1155
292|1142
292|1136
296|1145
290|1140
292|1133
286|1118
294|1140
282|1151
294|1181
292|1144
290|1165
294|1173
300|1228
298|1219
300|1230
300|1218
300|1224
296|1325
296|1234
298|1220
294|1516
298|1211
296|1202
298|1201
292|1201
298|1230
294|1203
304|1242
302|1271
294|1218
296|1210
296|1245
302|1227
300|1218
298|1230
292|1222
304|1252
300|1221
300|1220
298|1214
294|1206
294|1238
298|1199
298|1199
308|1220
300|1244
300|1207
296|1191
300|1218
298|1226
296|1240
296|1198
300|1207
300|1222
296|1207
298|1232
300|1232
302|1303
302|1217
294|1216
300|1221
298|1199
298|1198
306|1219
298|1227
296|1322
294|1218
304|1239
298|1388
302|1250
298|1198
306|1220
300|1240
300|1244
298|1227
298|1233
310|1246
300|1221
312|1271
300|1321
302|1232
296|1212
298|1223
298|1230
298|1218
304|1249
300|1232
310|1297
302|1233
296|1196
298|1198
302|1219
298|1222
292|1186
304|1223
300|1202
298|1198
304|1232
300|1202
292|1183
302|1315
298|1209
302|1214
298|1211
300|1201
292|1185
300|1233
304|1210
300|1217
300|1351
296|1222
302|1236
310|1311
314|1348
310|1306
318|1363
310|1305
308|1299
316|1393
304|1431
312|1297
312|1293
308|1284
302|1269
310|1304
306|1335
302|1308
306|1295
308|1305
308|1316
316|1334
304|1288
314|1316
304|1316
310|1307
310|1305
312|1326
310|1344
316|1329
308|1296
306|1338
314|1330
302|1305
310|1352
308|1369
304|1364
304|1349
312|1347
314|1432
310|1306
308|1330
308|1289
308|1286
308|1285
312|1413
304|1381
310|1315
308|1305
306|1295
312|1339
302|1287
318|1331
306|1296
304|1326
306|1304
310|1302
304|1299
310|1318
304|1288
310|1361
314|1358
310|1337
304|1310
318|1337
312|1321
304|1292
308|1491
314|1318
306|1308
314|1334
306|1296
304|1291
312|1326
306|1308
316|1324
306|1335
304|1286
314|1329
314|1313
310|1340
310|1325
304|1293
310|1333
312|1306
314|1329
306|1298
310|1392
310|1347
316|1328
308|1320
316|1319
310|1496
308|1442
306|1428
308|1415
314|1403
310|1371
310|1361
312|1345
310|1330
312|1366
300|1314
324|1465
310|1401
320|1454
326|1460
318|1688
320|1485
324|1852
322|1522
326|1431
318|1466
314|1430
318|1403
320|1427
326|1441
324|1825
316|1554
324|1501
326|1470
316|1423
320|1533
316|1411
322|1468
320|1435
320|1432
312|1391
318|1511
324|1556
318|1492
314|1471
320|1539
316|1427
316|1526
316|1665
316|1507
316|1451
314|1372
316|1376
320|1381
320|1397
328|1492
322|1450
322|1389
322|1389
320|1405
318|1364
316|1381
318|1365
318|1484
316|1415
318|1451
312|1397
312|1383
318|1380
316|1374
324|1413
312|1412
318|1541
318|1428
316|1388
316|1414
314|1487
322|1511
316|1446
312|1570
314|1418
314|1467
320|1418
320|1377
330|1504
316|1400
316|1370
326|1389
324|1417
324|1414
316|1370
314|1384
316|1445
322|1385
316|1366
318|1386
328|1441
324|1397
316|1442
320|1430
320|1468
314|1423
314|1367
318|1367
320|1392
318|1415
318|1394
316|1366
326|1384
318|1367
314|1376
314|1355
316|1567
326|1409
318|1395
318|1368
334|1481
324|1448
332|1657
328|1572
328|1468
328|1459
322|1441
336|1476
326|1446
336|1523
332|1489
328|1483
326|1487
336|1492
326|1474
326|1469
326|1502
328|1468
334|1499
326|1464
328|1493
330|1484
332|1488
330|1488
334|1483
326|1484
326|1479
328|1495
332|1579
336|1497
330|1472
326|1490
328|1492
330|1479
320|1489
324|1483
330|1511
328|1490
330|1488
326|1492
330|1474
328|1594
332|1500
326|1742
326|1488
334|1503
328|1513
330|1569
334|1503
336|1503
330|1489
328|1489
332|1483
330|1490
326|1555
328|1496
328|1471
338|1516
328|1471
332|1523
330|1472
332|1533
326|1483
324|1461
330|1462
328|1479
322|1442
330|1759
330|1496
332|1503
336|1494
328|1478
330|1499
342|1544
332|1518
326|1480
334|1490
330|1591
332|1535
330|1488
326|1545
334|1512
332|1494
332|1510
322|1453
328|1483
330|1751
334|1521
330|1479
332|1517
330|1524
332|1516
336|1492
330|1512
334|1488
330|1501
334|1512
326|1478
328|1473
334|1508
336|1569
346|1639
340|1613
342|1599
342|1578
332|1583
338|1549
336|1576
336|1538
342|1575
334|1537
346|1597
338|1542
336|1544
340|1550
342|1563
342|1602
334|1584
344|1584
334|1533
340|1582
334|1537
336|1549
348|1588
348|1612
342|1555
340|1547
334|1555
338|1545
338|1542
342|1601
344|1589
342|1556
342|1565
340|1549
338|1550
340|1570
334|1532
342|1564
336|1714
336|1570
342|1555
344|1599
334|1580
342|1818
334|2014
340|1554
342|1534
338|1880
342|1839
336|1580
344|1613
342|1615
342|1920
340|1791
338|1568
340|1653
342|1531
338|1509
338|1636
340|1554
338|1540
338|1535
338|1594
344|1548
340|1529
334|1819
344|1546
342|1545
336|1536
340|1536
338|1545
336|1592
336|1514
338|1533
346|1565
332|1488
344|1574
340|1560
336|1557
342|1558
346|1685
334|1537
334|1555
346|1569
340|1552
332|1532
338|1552
342|1560
346|1606
338|1548
340|1552
338|1560
338|1574
336|1556
342|1559
330|1538
344|1592
344|1585
334|1548
346|1646
356|1684
358|1669
354|1666
352|1693
346|1641
354|1659
346|1655
352|1650
346|1653
354|1789
344|1651
350|1644
350|1671
350|1623
356|1623
348|1615
348|1602
342|1595
352|1662
350|1629
352|1642
346|1612
348|1599
356|1633
346|1601
350|1621
348|1615
350|1632
346|1598
346|1611
352|1628
348|1638
348|1613
346|1838
362|1731
350|1644
346|1589
354|1757
354|1828
352|1629
342|1583
352|1605
354|1615
342|1956
346|1838
346|1626
352|1648
350|1626
346|1662
354|1944
348|1709
350|1726
348|1697
350|1662
350|1895
354|1741
356|1678
358|1703
352|1654
348|1657
350|1695
348|1869
356|1679
348|1646
350|1656
350|1675
348|1797
362|1731
344|1640
344|1632
354|1662
352|1723
346|1712
352|1682
348|1675
346|1653
344|1669
350|1698
344|1674
352|1702
352|1684
346|1669
348|1660
348|1711
342|1636
350|1652
350|1687
350|1649
352|1652
354|1775
358|1674
350|1652
352|1666
346|1645
352|1671
352|1656
354|1660
352|2251
350|1663
358|1748
358|1761
360|1741
360|1744
356|1863
366|1758
352|1717
354|1734
356|1725
354|1722
364|1762
366|1765
362|1786
356|1746
356|1734
358|1754
354|1730
356|1684
358|1712
356|1691
360|1986
358|2001
358|1745
362|1836
358|1799
362|1799
360|2010
358|1811
360|1794
354|1832
356|1996
356|1972
354|1736
358|1700
358|1749
360|1722
356|1733
366|1748
360|1732
364|1843
360|1800
364|1727
354|1720
362|1788
362|1780
366|1737
358|1692
370|1721
360|1700
360|1779
360|1782
362|1744
356|1740
362|1773
364|1824
354|1734
358|1733
358|1744
364|1745
364|1764
366|1760
358|1771
360|1755
366|1766
356|1744
358|1735
360|1734
362|1756
356|1738
364|1767
354|1741
362|1745
360|1743
352|1737
354|1717
356|1740
358|1755
362|1766
360|1776
356|1751
360|1743
356|1762
358|1746
360|1720
350|1668
362|1720
358|1689
360|1798
360|1706
358|1715
360|1703
362|1718
354|1676
366|1721
360|1863
354|1706
364|1719
364|1736
358|1710
362|1702
370|1839
372|1838
370|1786
370|1789
364|1787
366|1774
374|1805
364|1802
376|1810
372|1797
378|1836
376|1806
376|1814
372|1879
370|1863
372|1798
366|1793
374|1816
366|1780
374|1967
366|1802
372|1821
372|1794
366|1799
362|1780
370|1789
374|2082
364|1782
370|1803
368|1857
380|1819
378|1810
370|1792
366|1921
364|1802
366|1776
370|1834
368|1802
366|1778
364|1926
368|1795
366|1809
374|1794
364|1773
368|1791
372|1803
376|1929
370|1814
364|1790
380|1827
372|1798
368|1797
368|1830
374|1805
378|1828
366|1777
376|1811
372|2021
374|1811
382|1823
366|1789
372|1792
368|1809
372|2138
366|1788
366|1813
368|1801
370|1786
368|1789
374|1817
370|1884
370|1811
372|1808
366|1776
370|1804
370|1802
366|1907
362|1783
370|1822
362|1765
370|1804
374|1810
370|1787
366|1816
370|2122
368|2158
368|1843
364|1803
376|2094
372|2208
370|1877
368|1892
364|1867
368|1981
370|1947
368|1879
366|1823
370|1817
368|1838
378|1834
380|2052
378|1920
372|1985
376|1914
382|1919
378|1950
374|1904
380|1928
376|1887
392|1926
378|1892
378|1929
376|2040
376|1943
376|1945
376|1920
382|1942
370|1951
384|1962
372|1912
382|1956
388|1958
374|1916
372|1946
380|1948
386|1950
382|1947
376|1933
376|2010
386|1994
386|1972
376|1921
374|1934
376|1939
374|1952
380|1974
388|1979
388|1961
380|1954
376|1975
382|2151
382|1946
380|1926
384|1906
382|1897
376|1895
380|2046
384|1920
372|1874
380|1898
380|1886
380|1919
382|2196
370|1891
380|1893
382|1897
378|1893
382|1929
378|1889
382|1906
386|1931
380|1882
378|1876
378|1892
384|1899
382|1922
382|1906
378|1881
374|1871
384|1912
372|2093
380|2113
374|1906
376|1894
382|1893
380|1898
380|2119
384|1943
378|1945
386|1943
384|1941
378|2054
374|1969
376|1904
374|1892
372|1868
380|1890
382|1962
384|2644
384|1980
380|1926
376|1881
378|1905
380|1926
388|1920
384|1917
380|1888
380|1895
384|1922
378|2042
394|2114
386|2046
390|2090
384|2046
392|2044
394|2087
386|2062
384|2039
394|2102
396|2062
384|2026
390|2182
384|2053
390|2059
384|2047
382|2025
384|2221
388|2054
390|2059
398|2075
392|2055
390|2183
398|2138
390|2090
394|2056
396|2078
390|2061
388|2077
394|2071
382|2021
386|2025
390|2105
390|2024
390|2011
394|2355
390|2430
392|2071
388|2106
388|2574
386|2289
384|2031
392|2234
392|2454
388|2664
388|2281
384|2023
388|2018
386|2091
386|2020
392|2130
392|2078
392|2020
388|2043
390|2029
388|2156
388|2081
384|1986
390|2004
388|2133
388|2119
390|2088
386|2086
400|2106
386|2181
388|2098
384|2050
382|2053
394|2081
386|2142
388|2044
388|2063
392|2073
388|2039
388|2172
388|2083
386|2076
386|2049
398|2070
394|2101
392|2230
386|2068
392|2124
390|2048
388|2042
394|2102
394|2162
386|2050
390|2085
388|2040
386|2037
386|2048
390|2057
394|2063
392|2053
392|2063
386|2046
396|2202
394|2109
384|2035
390|2044
400|2202
398|2288
402|2182
396|2165
398|2147
396|2139
394|2143
404|2214
398|2161
394|2150
396|2144
398|2158
400|2268
406|2178
400|2130
404|2107
400|2091
400|2374
402|2400
402|2121
398|2113
390|2064
398|2086
396|2351
400|2144
398|2101
402|2119
396|2079
402|2101
402|2433
394|2097
404|2177
396|2084
408|2118
400|2243
406|2124
398|2086
392|2133
404|2123
394|2167
396|2084
396|2084
394|2093
392|2079
398|2259
390|2112
398|2102
400|2108
404|2163
394|2078
398|2101
404|2145
400|2094
396|2080
392|2086
400|2275
400|2113
400|2097
408|2138
398|2120
396|2453
396|2128
402|2249
396|2127
400|2099
400|2157
400|2119
402|2116
398|2105
406|2129
396|2079
394|2099
398|2095
396|2104
402|2256
404|2660
402|2205
406|2168
402|2336
404|2209
396|2254
402|2586
400|2248
400|2579
398|2273
400|2428
402|2107
402|2107
400|2407
406|2159
404|2127
398|2097
408|2183
398|2184
402|2150
404|2158
396|2190
402|2243
404|2214
396|2175
404|2279
410|2330
404|2261
408|2295
414|2316
406|2247
412|2328
408|2256
418|2292
402|2261
416|2394
406|2274
414|2321
408|2277
418|2326
410|2263
410|2429
416|2345
404|2241
420|2309
416|2295
406|2363
412|2275
416|2240
412|2216
414|2256
406|2312
410|2213
404|2183
408|2197
406|2429
404|2225
406|2197
412|2258
402|2176
408|2194
408|2238
406|2195
410|2303
412|2229
412|2201
408|2205
406|2230
410|2220
420|2249
416|2215
414|2219
418|2280
410|2202
412|2242
406|2202
414|2214
410|3335
408|2364
412|2383
406|2275
400|2180
406|2345
404|2414
412|2451
406|2193
412|2227
412|2230
410|2238
416|2292
420|2253
412|2216
412|2890
416|2256
408|2223
414|2209
410|2204
416|2325
412|2222
406|2259
412|2267
404|2246
412|2303
406|2398
408|2269
416|2311
408|2249
408|2251
404|2301
418|2314
410|2307
406|2266
416|2296
408|2270
410|2296
406|2289
412|2270
406|2244
406|2377
418|2301
416|2276
410|2274
412|2272
406|2331
414|2262
420|2350
422|2315
420|2442
420|2325
424|2339
416|2841
418|2719
414|2355
420|2443
426|2340
414|2442
418|2328
424|2345
422|2384
424|2865
422|2762
424|2434
422|2545
422|3161
426|2715
424|2398
426|2562
414|2629
424|2346
418|2387
422|2529
416|2425
414|2449
420|2421
416|2465
422|2438
420|2451
428|2480
422|2488
420|2420
416|2360
418|2368
428|2426
428|2443
420|2425
428|2418
414|2369
418|2404
424|2473
410|2391
426|2402
412|2368
422|2423
422|2610
426|2372
418|2320
416|2293
422|2349
426|2381
416|2348
416|2319
416|2319
416|2377
412|2455
420|2363
418|2323
426|2342
422|2385
416|2443
416|2312
420|2311
422|2324
424|2575
424|2362
416|2314
420|2320
420|2331
414|2343
414|2297
422|2338
420|2338
422|2487
420|2381
426|2343
414|2286
416|2323
418|2469
424|2465
414|2296
416|2317
420|2353
420|2468
426|2362
414|2313
424|2322
424|2353
424|2346
418|2310
420|2319
414|2309
416|2380
418|2313
422|2325
422|2336
424|2431
434|2464
428|2419
432|2443
434|2546
434|2452
430|2453
428|2420
428|2859
430|2463
440|2475
436|2492
434|2563
432|2529
430|2811
434|2515
424|2658
428|2475
432|2533
434|2480
428|2494
428|2944
426|2500
430|2639
430|2558
432|2591
430|2536
426|2695
424|2541
426|2918
430|2641
430|2632
432|2685
426|2644
424|2624
432|2818
432|2696
434|2619
432|2700
432|2509
434|2653
430|2535
432|2593
428|2535
426|2630
432|2537
426|2496
430|2552
428|2600
428|2494
428|2489
428|2474
428|2510
434|2515
428|2591
440|2520
432|2497
428|2477
428|2634
434|2539
424|2486
430|2499
428|2563
428|2477
424|2484
428|2495
428|2511
428|2510
434|2520
432|2490
424|2455
428|2628
430|2455
424|2407
432|2439
432|2445
426|2671
432|2462
432|2476
430|2429
434|2444
432|2482
432|2427
430|2436
426|2407
430|2501
426|2434
426|2644
434|2576
424|2734
434|2508
426|2475
428|2907
428|3066
434|2543
426|2533
430|2811
428|2605
426|2579
426|2655
430|2584
440|2669
442|2673
442|2760
438|2658
440|2645
436|2687
438|2685
446|2735
438|2669
440|2834
436|2630
438|2715
438|2633
436|2676
444|2678
440|2642
440|2722
440|2649
442|2677
440|2644
444|2956
440|2656
432|2618
444|2675
440|2768
436|2636
436|2639
438|2650
436|2735
442|2641
444|2633
434|2617
436|2607
440|2609
434|2616
434|2656
436|2606
444|2619
442|2552
442|3371
438|2603
436|2592
436|2553
440|3091
438|2817
436|2668
440|3237
448|2886
430|2746
438|3353
440|3780
434|2576
438|2551
442|2748
442|2668
440|2691
436|2559
434|2676
438|2579
446|2656
440|2779
440|2633
444|2658
436|2598
452|2692
446|2633
440|2714
440|2666
442|2642
444|2644
438|2658
448|2693
438|2597
432|2597
434|2584
444|2866
436|2613
440|2615
438|2617
440|2702
440|2632
438|2610
440|2638
438|2775
434|2588
438|2612
438|2616
436|2770
442|2623
442|2634
440|2626
442|2620
436|2692
438|2624
434|2595
442|2637
440|2650
436|2615
436|2636
442|2631
452|2772
444|2799
446|2721
452|2743
450|2709
450|3205
454|2866
446|2723
458|2713
446|3198
450|2718
446|2686
450|2763
450|2841
452|2677
452|2692
448|3385
450|2785
452|2684
446|2658
448|2770
448|2670
452|2683
444|3268
450|2718
458|2765
450|2757
456|3125
450|2775
452|2783
450|2814
452|2844
446|2746
444|2748
450|2780
450|2820
446|2762
450|2789
452|2823
452|2803
452|2788
450|2842
448|2767
450|2774
454|2754
450|2797
448|2763
458|2725
444|2865
450|2691
450|2823
452|2679
448|3123
454|3287
444|2760
450|2783
446|3540
452|2853
452|3169
448|3321
452|2716
456|2842
448|2920
448|2716
452|2764
440|2702
452|2798
448|2703
440|2786
446|2800
450|2759
446|2733
452|2747
444|2775
444|2715
450|2766
454|2758
446|2745
444|2795
448|2761
448|2741
454|2761
460|2910
444|2712
448|2742
446|2732
450|2818
454|2749
450|2775
448|2741
450|2695
444|2919
454|2703
450|2662
446|2661
448|2841
458|2729
452|2713
452|2678
450|2688
464|2835
458|2901
464|2792
456|2789
454|2921
456|2782
458|2793
458|2777
462|2867
470|2820
464|2797
470|2813
462|2840
460|2805
460|2823
462|2794
456|2799
458|3655
452|2871
462|2836
456|2900
460|2811
458|2810
458|2806
460|2835
454|2765
460|2838
458|2779
456|3129
466|2840
456|2799
466|2812
468|3013
452|2913
460|2860
466|2895
464|2969
460|2869
458|2866
460|2857
452|2904
456|2849
464|2871
462|2892
466|2912
464|2899
454|2846
466|3118
456|2887
462|2882
472|2905
452|2898
466|2910
456|2804
460|2788
458|2986
460|2811
462|2778
466|2806
460|3522
460|2958
456|2870
460|3411
460|2996
462|2896
462|3569
456|2858
462|3007
458|2920
460|2917
466|2843
456|2921
462|2840
454|2888
456|3001
456|2869
458|2859
458|2854
466|2950
460|3025
460|2931
460|3009
458|2933
474|2994
456|3035
462|3059
456|2919
460|3073
464|3470
458|2931
464|2918
460|3071
460|2981
458|2926
462|2950
458|2996
462|2940
456|2916
456|3195
458|2921
468|3062
470|3416
464|3028
470|3108
470|3104
472|3346
468|3062
466|3245
470|3044
468|3206
470|3129
468|3120
476|3158
472|3193
472|3115
466|3193
474|3226
464|3111
472|3106
464|3021
470|3217
466|3251
470|3069
474|3393
472|3659
468|3096
466|3073
472|3127
466|3083
480|3088
476|3687
468|3033
466|3023
472|3364
472|3107
466|3050
476|3307
468|3058
470|3074
470|3500
474|3064
468|3109
472|3400
472|3088
468|3066
468|3340
468|3065
466|3091
466|3072
478|3171
470|3062
472|3149
474|3123
474|3045
476|3039
470|3108
470|3056
462|3136
468|3169
466|3162
472|3250
476|3160
470|3579
472|3187
474|3164
468|3093
472|3094
474|3073
466|3149
476|3082
470|3106
466|3136
474|3064
470|3049
474|3182
476|3075
466|3001
470|3038
468|3032
466|3127
468|3139
466|3055
472|3037
474|3045
468|3162
464|3105
474|3047
474|3235
466|3044
476|3098
472|3188
474|3137
468|3033
468|3327
472|3100
466|3103
472|3037
474|3223
462|3043
470|3133
482|3422
480|3205
474|3220
480|3280
482|3228
482|3196
474|3419
480|3186
476|3277
482|3351
478|3304
472|3217
478|3713
478|3287
474|3206
478|3434
484|3188
478|3191
482|3514
482|3271
476|3163
476|3345
486|3305
486|3221
478|3268
482|3236
482|3225
480|3360
482|3270
476|3216
476|3318
484|3375
482|3298
484|3245
482|3471
480|3194
486|3330
484|3406
474|3161
484|3356
476|3249
486|3205
474|3190
476|3221
484|3166
482|3154
478|3287
486|3188
482|3170
480|3272
478|3209
480|3297
486|3435
482|3307
482|3336
476|3312
478|3364
476|3258
476|3371
488|3318
478|3143
482|3281
480|3118
488|3149
480|3316
478|3178
482|3143
478|3283
484|3226
480|3179
474|3246
482|3153
480|3246
490|3427
480|3203
484|3210
478|3170
486|3142
476|3155
478|3152
484|3130
482|3123
482|3182
482|3149
474|3100
482|3148
476|3175
474|3156
480|3119
484|3291
480|3203
480|3176
474|3259
482|3177
472|3121
486|3204
480|3106
474|3112
482|3125
476|3090
488|3413
490|3172
488|3167
486|3453
488|3204
486|3159
498|3226
494|3187
492|3526
490|3193
488|3215
488|3624
488|3266
498|3292
490|3215
484|3226
492|3224
488|3328
490|3160
492|3263
490|3246
490|3353
486|3219
492|3246
488|3339
484|3239
490|3249
490|3236
486|3250
490|3328
492|3272
488|3581
490|3564
482|3410
486|3885
494|3973
490|3458
490|3357
490|3748
486|3878
488|3788
492|3899
500|3645
490|3816
492|3469
494|3307
488|3425
486|3326
484|3291
490|3540
496|3416
490|3271
488|3291
486|3217
492|3248
484|3306
486|3247
486|3237
494|3449
486|3294
486|3243
484|3207
486|3217
490|3331
488|3240
490|3303
492|3250
490|3276
492|3261
488|3290
494|3268
488|3378
488|3229
496|3232
486|3193
488|3232
494|4187
494|3257
494|3263
488|3207
492|3276
488|3189
488|3223
492|3199
492|3178
488|3155
490|3153
486|3194
492|3443
492|3271
492|3183
490|3192
488|3168
490|3183
484|3196
488|3165
488|3162
490|3796
488|3357
492|3231
500|3497
502|3302
502|3335
498|3280
496|3401
494|3305
506|3304
502|3309
502|3363
498|3284
498|3270
496|3401
498|3286
508|3338
496|3426
500|3284
502|3303
502|3529
500|3332
502|3293
506|3419
500|3312
502|3328
498|3314
508|3314
498|3386
504|3340
498|3378
500|3419
494|3315
498|3296
498|3335
504|3398
510|3335
500|3311
496|4163
502|3528
496|3543
498|3646
498|3698
502|3942
504|4375
500|3379
500|3453
502|3446
494|3424
496|3486
502|3406
504|3559
496|3413
502|3404
492|3870
502|3445
502|3413
506|3629
502|3425
502|3390
496|3647
502|3516
504|3442
500|3685
498|3417
496|3305
506|3443
504|3379
502|3363
496|3338
502|3332
502|3300
500|3447
494|3292
496|3296
502|3374
494|3283
506|3309
496|3277
500|3960
510|3539
498|3409
496|3400
496|3313
506|3331
502|3294
502|3648
502|3351
496|3326
496|3276
500|3311
506|3310
502|3296
492|3475
506|3328
500|3306
510|3545
496|3324
504|3339
512|3397
492|3265
494|3314
502|3317
508|3418
508|3566
508|3426
510|3431
506|3506
508|3417
510|3416
510|3491
506|3437
504|3405
510|3829
510|3438
502|3386
514|3550
510|3425
508|3450
514|3441
508|3588
512|3421
514|3464
514|3651
518|3465
512|3439
510|3949
510|3803
510|3612
510|3514
514|4294
502|3898
508|3474
506|3953
514|3543
506|3604
506|3656
506|3583
514|3625
516|3620
510|3564
508|3512
524|3580
518|3587
506|3498
508|3531
512|3679
516|3586
512|3534
508|3601
506|3569
504|3501
508|3478
506|3607
512|3427
516|3456
506|3523
508|3446
512|3432
510|3669
508|3419
510|3419
508|3515
516|3441
506|3451
514|3487
510|3440
504|3408
514|3588
508|3445
510|3438
510|3456
512|3532
516|3489
510|3423
504|3765
516|3519
510|3444
504|4119
510|3746
506|3511
512|3664
524|3642
502|3439
508|3418
504|3567
506|3420
508|3419
510|3576
508|3414
512|3460
510|3670
504|3420
506|3425
510|3552
512|3482
512|3435
508|3536
514|3453
508|3421
508|3444
516|3475
508|3458
518|3575
520|3801
524|3635
522|3581
524|3625
528|3812
520|3585
520|3607
514|3731
516|3917
522|3628
516|3807
520|3642
514|3551
520|4041
520|4071
514|3677
520|3588
518|4119
526|3646
522|3734
514|3652
518|3590
516|4129
516|3625
524|3632
522|4132
524|3651
524|3611
520|3734
512|3733
518|4103
520|3697
522|3713
516|3974
526|3749
520|4054
524|3749
512|3649
516|3995
520|3707
522|3669
518|3979
520|3713
516|3686
526|3811
526|3702
514|3844
520|3709
514|3630
514|4204
518|3696
518|3800
520|3759
520|3675
516|3846
520|3730
518|3676
520|4321
522|3712
520|3740
520|3759
518|3655
522|3822
524|3743
512|3644
524|3986
524|3717
518|3674
518|3781
518|3662
518|3868
526|3759
526|3713
520|3959
520|3709
520|3686
518|3779
516|3671
522|3868
518|3738
522|3686
520|3942
526|3759
516|3670
520|3777
522|3695
522|3993
516|3707
520|3841
518|4341
518|3873
526|4495
522|4332
518|3706
522|4073
514|3813
520|3707
520|3824
516|3675
532|4027
530|3919
526|3833
524|4043
528|3855
528|3926
528|3912
532|3842
526|4120
530|3935
528|3885
522|3901
524|3792
536|3994
532|3776
530|3792
524|3975
526|3748
528|3781
526|3714
524|3771
532|3742
534|3750
522|3813
530|3735
526|3699
526|3759
532|3720
528|3741
530|4156
534|3781
532|3789
526|3711
532|4170
530|3788
530|3860
534|3766
526|3707
528|4061
534|4141
534|3831
530|3759
524|3752
534|3889
536|3880
534|3883
528|3977
534|3867
526|3826
528|3838
532|3844
530|4010
528|3860
526|3805
528|3933
530|3819
538|3870
528|3959
532|3879
526|3766
528|3712
526|3808
528|3694
530|3717
524|3709
528|3719
530|3862
530|3749
528|4212
526|4066
526|4099
536|3827
528|4771
536|3934
530|3866
532|3912
534|3954
532|3898
524|3831
530|3831
532|3831
526|3886
534|3858
524|3809
524|3843
532|3827
524|3814
532|3937
536|3846
526|3829
536|4124
530|3728
532|3796
524|3722
534|3754
534|3855
520|3702
530|3740
528|3844
542|3850
546|3928
548|4064
542|3962
542|3890
542|3953
542|3928
552|3923
538|3923
534|3918
546|4145
544|3899
546|3922
538|4661
534|3924
540|3895
542|3963
538|3873
538|3894
538|3857
546|4035
538|3840
540|3867
540|3947
546|3919
554|4048
540|3887
542|3863
540|4149
546|3946
542|3873
536|3934
540|3891
538|3862
536|4002
538|3887
546|4013
534|3918
546|3879
542|4041
540|3931
552|3912
536|3918
540|3935
538|3854
534|3907
542|3958
538|4420
542|4161
538|4281
538|4622
550|5365
542|4380
542|4086
542|4111
538|4080
548|4192
538|4049
542|3995
536|4000
532|3929
542|3979
540|4031
534|3948
538|3964
544|4067
532|3941
538|4048
542|3962
546|3902
538|3873
552|3983
544|3863
540|4154
540|3910
536|3847
550|4085
540|3888
538|3860
542|4037
540|3886
538|3956
538|3919
532|3834
542|4005
542|3906
536|3849
540|3982
546|3901
540|3856
544|4228
544|3937
546|3941
538|4092
544|3959
548|5025
544|4688
542|3979
546|4227
546|4335
540|4301
562|4301
554|4308
552|4250
556|4323
548|4267
556|4446
544|4659
550|4268
544|4435
554|4268
552|4232
556|4287
546|4303
548|4662
546|4222
546|4291
548|4371
550|4217
550|4327
542|4173
556|4564
550|4364
546|4480
558|4518
552|4201
550|4484
550|4227
550|4334
546|4176
550|4182
548|4211
558|4215
550|4202
544|4109
548|4121
548|4120
550|4297
552|4147
542|4087
552|4303
560|4137
554|4358
560|4253
550|4195
554|4241
548|4036
546|4063
548|4066
548|4022
550|5024
556|4156
548|4017
550|4065
554|4106
554|4039
550|4196
558|4071
548|4017
544|4795
552|4058
544|3987
550|4392
548|4047
550|4081
550|4037
554|4026
546|4092
550|4029
550|4005
548|4104
554|4070
550|4007
552|4051
548|4021
548|4007
548|4240
548|4063
558|4050
550|4336
550|4076
552|4020
548|4090
554|4080
552|4029
544|3996
550|4039
554|4034
556|4830
550|4097
556|4368
548|4136
556|4459
546|4071
556|4859
548|4125
546|4483
550|4485
546|4031
540|4286
554|4249
564|4396
566|4598
568|4380
564|4522
566|4331
558|4531
560|4373
568|4429
564|4389
564|4340
556|4414
560|4278
560|4586
556|4316
568|4644
560|4363
558|4295
560|4347
562|4288
558|4463
564|4347
560|4516
560|4322
566|4456
558|4371
562|4281
562|4488
556|4274
558|4713
554|4285
558|4601
564|4355
558|4293
556|4398
562|4322
564|4655
562|4319
566|4744
560|4463
558|4422
556|4316
560|4314
562|4664
564|4382
564|4524
560|4317
560|4337
562|4348
556|4252
562|4526
558|4326
566|4549
562|4342
552|4362
562|4278
572|4229
562|4413
566|4273
558|4813
556|4196
560|4398
552|4213
562|4194
560|4662
558|4499
556|4990
560|4762
554|4693
554|4469
558|4401
554|4326
562|4306
556|4387
574|4356
556|4646
558|4343
562|4523
564|4365
554|4284
560|4456
564|4389
562|4486
564|4537
556|4518
556|4290
560|4400
554|4282
560|4272
560|4372
556|4338
554|4433
560|4279
554|4232
558|4379
562|4282
556|4428
562|4235
564|4223
560|4157
564|4297
564|4346
568|4579
566|4415
568|4369
566|4483
580|4356
576|4349
568|4341
578|4343
564|4283
572|4645
568|4342
570|4475
568|4301
574|4355
568|4420
580|4361
574|4471
570|4352
574|4722
574|4340
572|4353
572|4516
564|4316
568|4301
564|4499
570|4303
570|4307
568|4412
568|4343
576|4333
568|4363
568|4415
570|5122
566|4643
568|4376
568|5773
564|4969
574|4643
570|4539
568|4440
568|4573
570|4466
568|4414
572|4475
572|4451
576|4404
572|4690
570|4341
566|4515
570|4355
568|4310
578|4797
574|4354
570|4312
574|4532
574|4347
570|4307
566|4341
570|4342
572|4308
572|4374
572|4396
568|4606
576|4387
582|4371
568|4563
566|4401
574|4348
572|4370
568|4340
568|4295
568|5083
568|4556
576|4543
572|4351
572|4370
574|4404
572|4392
564|4478
574|4395
566|4312
576|4718
582|4398
570|4316
568|4652
572|4363
578|4372
574|4479
574|5479
566|4757
570|4978
572|4520
570|4702
568|4508
574|4378
568|4315
570|5208
570|4878
570|10682
580|4970
580|5326
580|4757
580|4793
584|6361
582|5267
580|4761
578|5317
580|4751
586|4773
584|4653
578|5028
576|4639
578|4640
590|4808
586|4819
582|4836
576|4716
582|4771
582|4679
584|4782
584|4679
582|4956
582|4628
582|4990
578|4634
578|5474
584|4743
580|5015
582|4643
578|5027
580|4708
578|4814
584|4677
588|4657
582|4743
580|4650
574|4701
584|4652
580|4916
582|4699
580|5311
578|4625
584|5445
576|4625
582|5117
582|4685
582|5382
580|4626
582|4829
576|4729
578|4666
576|4779
572|4717
574|4785
576|4786
576|4795
582|4765
582|4892
578|4821
582|5446
588|5057
584|4889
578|4956
578|5139
588|4846
582|5118
584|5043
584|5498
576|4960
576|5225
580|5165
578|5224
578|4709
580|4985
584|4762
586|5191
578|4733
580|4943
582|4728
574|4749
580|4808
580|4809
574|4715
578|4639
580|4752
588|4717
576|4741
580|4685
578|4712
580|4694
588|4749
578|4628
586|4753
578|4679
580|4946
576|4678
580|4720
578|4679
584|4735
592|4775
586|5150
588|4843
588|4761
588|4826
594|4783
592|4808
590|4719
584|4711
592|4742
596|4776
594|4765
590|4856
594|4931
592|5384
592|4884
592|4862
584|4768
594|5038
596|4906
586|4889
592|4865
590|5072
588|5121
590|5085
592|5170
600|5425
588|4891
594|4943
602|4918
586|5005
594|4953
594|4958
590|4821
594|5169
584|5155
594|5175
590|5015
592|4982
580|4873
584|4830
588|5100
594|4905
590|4884
584|4782
588|4815
584|4821
592|4891
592|4855
584|4929
586|4824
586|4974
588|4765
586|4879
592|4701
590|4770
594|4776
590|5367
590|4750
590|5001
584|4671
600|4843
584|4699
590|4792
592|4715
584|4957
588|4898
592|4882
596|4797
592|4886
584|4722
596|5403
590|7298
592|5413
600|5356
590|11556
588|5306
594|5546
586|5040
590|5125
596|5075
594|5140
590|5362
590|5163
592|5259
594|5108
600|6094
590|5067
586|6523
588|4941
588|5317
590|4939
590|5356
594|5096
586|5797
590|4967
590|5685
588|4861
588|5199
588|5098
598|5291
608|5127
604|5199
598|5017
600|5224
598|5018
598|5252
596|5053
604|5161
606|5046
604|5138
602|5073
600|5089
594|4887
602|5114
604|4971
602|5053
610|4970
602|5087
600|4945
600|5080
600|4922
592|5133
596|5024
594|5007
602|4982
602|5100
594|4942
600|5059
596|4921
592|5158
600|5783
614|5238
602|7023
596|5337
600|5517
604|5009
612|5357
604|4989
594|5459
598|5000
598|5339
606|5320
596|5259
608|5288
598|5332
602|5020
602|5542
610|5049
600|5199
606|4976
594|5494
608|4995
602|5387
604|5016
600|5282
600|5034
606|5212
598|5074
600|5239
598|5135
594|5304
604|5204
600|5131
602|5075
600|5057
602|5108
592|5338
608|5138
608|5784
594|5135
596|5643
602|5165
596|5249
596|5340
600|5470
600|5363
602|5291
594|5360
602|5223
600|5406
594|5336
604|5366
600|5287
608|5273
604|5094
604|5173
602|5047
610|5361
602|5210
606|5146
600|5162
612|6179
598|5518
604|5328
602|5331
600|5099
598|5238
600|5080
594|5180
612|5453
608|5550
614|5369
614|5919
606|5397
606|5303
614|5307
614|5587
604|5750
610|5646
618|5488
600|5788
612|5644
610|5240
610|5717
608|5226
614|5564
606|5255
614|5530
606|5447
612|5310
608|5949
608|5205
614|5451
606|5160
618|5549
606|5198
612|5672
606|5302
612|6027
608|5275
602|5550
610|5245
606|5340
608|5409
608|5326
608|5395
606|5527
612|5734
618|5365
614|5995
608|5153
620|6080
610|5183
606|5648
610|5275
616|5581
604|5281
612|5306
612|5320
608|5299
606|5474
614|5236
606|5669
610|5333
612|5661
608|5242
606|6212
612|5437
612|5634
610|5758
608|5641
616|5535
612|5207
610|5507
608|5188
604|5563
610|5198
608|5565
612|5280
618|5513
608|5277
608|5485
610|5304
614|5468
610|5234
612|5308
614|5325
610|5233
604|5586
610|5230
606|5658
610|5232
612|5515
612|5201
608|5443
614|5189
610|5441
616|5202
608|5608
612|5251
610|5479
610|5207
614|5327
612|5236
610|5250
610|5269
604|5311
614|5251
614|5515
618|6157
626|14211
624|11931
618|5961
618|5874
624|6748
626|5824
618|5827
618|6313
618|6423
614|6518
620|6784
620|5742
620|5899
618|5833
626|6209
616|5593
622|5987
622|5578
622|5589
622|5469
620|5687
622|5600
622|5512
622|5778
612|5303
622|5602
624|5649
624|5468
616|5308
616|5432
620|5645
622|5412
622|5556
620|5412
618|5500
618|5429
628|5563
624|5398
618|5672
618|5548
620|5551
624|5617
626|5674
620|5803
618|5610
622|5948
624|5505
624|5796
618|5374
624|7947
626|6228
620|7158
620|5810
632|5852
636|6017
618|6425
620|6177
624|5819
616|7629
620|5926
630|6139
614|5899
618|5964
622|6115
628|8887
620|6004
616|6519
616|5778
622|7351
618|7914
624|7090
630|14729
620|7188
618|5902
616|5780
620|6316
622|6074
624|5850
618|8316
626|5869
614|5724
620|5820
626|8752
620|6018
618|7247
620|6189
616|8381
620|7247
620|6081
620|9489
624|6019
618|5754
614|6877
620|7254
620|5654
618|5991
620|5433
618|6244
616|5422
626|6837
624|6749
630|5489
624|6514
624|5577
624|5774
634|5897
622|5642
634|6619
626|5550
630|6286
630|6642
630|5834
626|7049
626|5920
632|6148
634|5993
634|5734
636|6416
628|5659
630|5904
628|5635
626|5739
634|5861
626|5697
624|5620
628|5599
640|5942
628|5685
626|5757
634|5566
632|5614
628|5726
632|5575
640|5914
634|5623
636|6176
630|7139
628|5665
624|5830
634|5645
630|5974
632|5529
628|5978
622|5557
634|5691
626|6115
622|5449
626|5932
626|5780
622|5898
634|5539
634|5942
632|5748
632|5944
636|5782
632|5583
634|6422
626|5849
636|5626
628|5728
630|5562
630|5647
632|5582
622|5748
628|5784
626|6085
632|5516
632|5806
624|5804
626|5560
632|5773
628|5549
636|6348
642|5617
630|5829
638|6228
632|5606
636|6726
634|5607
628|6675
632|5547
630|5596
630|6117
634|5952
632|6402
626|5622
630|6188
642|5849
630|5549
636|5749
628|5549
632|6021
632|5675
628|6224
632|5618
624|5590
630|5795
636|5646
630|6006
640|5764
638|6148
640|5732
644|5857
644|5975
640|5708
644|6300
634|5729
642|5940
646|6161
634|5693
642|6301
642|5666
640|6086
648|5779
640|5787
632|5888
640|5865
640|6454
646|6155
648|6045
644|6295
646|5937
642|7537
638|5759
642|5956
656|6074
648|5830
640|6295
644|5875
640|5925
638|6177
636|5808
640|6636
644|5917
638|5868
648|6161
642|5859
640|6280
648|5833
644|6135
634|5882
634|5869
634|6012
640|5784
632|6669
638|5941
636|6153
638|6429
636|5741
644|6580
636|5740
636|6233
642|6425
640|6198
642|6150
634|6196
644|5988
640|6421
632|5924
640|6694
640|6001
636|5916
638|5882
642|5968
632|5983
634|6097
644|5824
638|6414
644|6682
648|6039
638|6802
638|6069
642|6020
636|6097
638|6106
642|6886
644|7315
644|8619
646|6236
646|6686
642|6107
636|7736
636|6255
636|6163
636|6501
640|6249
642|6047
640|8139
648|6658
644|6138
638|6161
640|6009
634|6189
646|7549
644|7357
636|7697
636|6421
644|6105
638|7089
656|6377
646|7031
650|6402
646|6216
650|6367
648|6463
642|6069
644|6721
646|6063
650|6446
650|6400
654|6253
652|6844
656|6767
652|5930
656|6284
648|6224
654|6157
652|8108
652|6079
646|7327
650|6139
652|6017
652|6329
664|6754
650|6321
648|6592
652|6172
648|6218
646|6284
654|6372
644|6289
650|6857
652|6477
642|6097
644|6079
650|6096
648|8201
654|7115
662|6272
648|6498
656|6095
646|5990
648|6300
646|6263
648|6295
660|6277
648|6135
654|6032
654|5977
650|6426
650|6155
650|6846
654|6228
648|6386
650|6454
652|7710
650|6171
646|6503
654|6163
648|6127
654|6027
648|6040
648|6128
654|6219
652|6315
662|6146
650|6565
656|6476
646|6276
650|6103
652|6606
658|6157
644|6133
648|6271
652|6171
648|6479
656|6296
652|6140
654|6167
646|5945
648|7054
648|6074
652|6116
648|6690
650|6412
652|6430
642|6458
650|6023
650|6046
654|6853
658|6060
652|6882
652|6689
648|5979
646|6498
654|5944
652|6215
640|6669
654|6016
664|7112
662|6294
660|6262
660|6557
668|6416
672|6253
658|6674
654|6126
656|6624
672|6494
662|6224
664|6503
654|6073
658|6388
662|6497
666|6291
666|6959
660|6206
658|6252
660|6390
658|6197
658|6264
666|6530
666|6202
664|6532
660|6598
660|6192
666|6496
664|6155
664|6231
662|6394
662|6188
662|6410
654|6258
660|6217
662|6485
668|6103
656|6427
668|6745
656|6273
656|6988
662|6238
666|6155
656|6524
666|6134
664|6432
660|6120
656|6244
654|6294
664|6103
660|6168
660|6384
660|6077
664|6699
662|6762
664|7087
656|8911
660|10794
672|6774
662|6615
658|6346
658|6546
658|6590
660|6573
660|8144
660|6043
662|6450
658|6358
666|6141
660|6659
664|6165
658|6300
672|6444
664|6250
662|6426
662|6347
662|6427
658|6176
660|7308
662|6241
658|6687
660|6107
658|6592
652|6422
660|6116
662|6646
654|6262
656|6174
670|6476
660|6407
664|6151
658|6612
664|6214
672|6356
664|6341
670|6304
654|6279
666|6586
662|6390
666|6931
672|6718
668|6570
674|6865
676|6354
666|6707
672|6528
664|6532
672|6460
666|7505
668|6567
668|6804
666|6646
672|6398
672|6863
674|6470
668|6372
670|6611
668|6576
670|6400
670|6776
680|7277
666|6538
666|6742
666|6329
670|6638
670|6409
664|6269
670|6896
668|6761
666|6491
672|6939
680|8024
670|6547
668|6343
672|6711
674|6403
664|6752
676|6415
670|6266
666|6687
670|6337
672|6236
672|6475
676|6234
674|6319
670|6582
666|6218
676|6667
670|6362
662|6248
670|6530
674|6159
670|6207
666|6386
670|6130
670|7030
674|6152
676|6170
668|6287
666|6497
670|6478
668|6676
672|6323
666|6461
674|6519
672|6259
666|6642
668|6224
670|6268
666|6455
674|6293
670|6596
666|6484
676|6314
672|6857
676|6283
676|6352
668|6907
670|6365
674|6360
672|6561
676|6276
672|6723
666|6507
672|6222
674|6676
670|6234
666|6276
676|6326
674|6307
672|6759
670|6298
666|6255
672|6651
668|6198
670|6319
678|6575
676|6249
672|6438
666|6232
674|6409
682|6851
682|6595
688|6924
678|7823
678|7783
678|6488
688|7343
682|7262
678|6495
678|6901
682|6855
680|6535
676|6911
682|6848
678|6587
678|6950
680|7006
680|6556
680|6981
688|6998
690|6610
676|7166
686|7267
676|6629
678|7108
680|6745
688|6684
682|7155
682|6845
682|6734
686|7223
684|6775
678|6500
688|6930
684|6698
680|6621
680|6891
682|6470
678|6418
690|6780
680|6531
686|6867
682|6879
680|6456
678|6508
676|6663
682|6455
676|6611
676|6689
682|6658
682|6913
684|7025
680|6456
674|6618
680|6758
682|6546
684|6556
680|6545
692|6510
680|6834
676|6624
678|6438
684|6690
682|6569
680|6643
682|6749
682|6440
682|6677
678|6417
676|6427
684|6550
674|6365
680|6703
680|6374
680|6577
682|6687
686|6418
684|6565
678|6225
686|6616
680|6225
680|6517
676|6301
680|6448
678|6236
676|6461
686|6289
682|6290
682|6230
682|6580
682|6259
686|7286
684|6724
680|6469
678|6599
682|6953
680|6285
678|6407
688|6736
688|6642
690|6786
692|6929
688|6671
686|6771
690|6957
688|6655
690|6895
698|6833
690|6595
692|6932
690|6768
696|6672
696|7067
700|6767
692|6624
690|6874
688|6626
690|6821
692|7027
688|6983
694|6773
688|7167
692|7198
682|6576
696|7351
694|6983
690|6647
694|7189
686|6787
682|6761
684|9567
700|8077
692|10276
690|11492
692|8405
696|8197
688|8651
686|7463
692|7805
688|8587
698|7313
694|8086
694|7981
696|12437
688|9277
682|8795
694|7222
694|7070
696|7358
700|6998
692|7015
688|6943
694|7420
690|6649
690|7012
688|7392
682|6700
696|6887
690|7193
688|6845
696|6913
694|7303
696|7220
696|6877
694|7439
690|8443
692|6920
688|6912
688|7471
688|6871
692|7711
700|7460
690|7336
690|6747
694|6982
690|6886
696|6756
688|6931
692|6995
694|6834
696|7055
698|7195
688|6869
694|7018
690|7398
686|6831
700|6935
698|7300
686|7235
690|6893
686|7216
692|7219
700|7085
682|6880
692|7050
692|7063
692|6790
688|6872
688|6813
696|7117
706|8058
696|7748
700|7222
706|7106
704|7556
702|6972
702|6983
704|7293
700|7464
696|6879
692|7122
698|7229
696|6962
692|6860
702|7074
696|6850
706|7004
708|7128
702|7273
702|6802
698|7145
700|7368
702|7104
704|7065
704|7228
692|7276
704|7202
696|7687
704|7458
706|7230
702|7188
700|7410
696|6753
702|7093
704|7160
704|6930
698|7025
700|7018
702|7510
704|7984
698|7195
700|7740
706|7541
710|6954
700|7072
704|10992
704|7971
696|7162
706|7216
702|7096
704|6956
702|6835
702|7499
702|7102
706|7081
696|8286
698|8147
698|7174
700|8328
700|7262
702|7352
704|7247
700|7278
704|7638
708|7575
698|7091
702|7544
706|7430
698|7326
696|7150
702|7251
706|7679
704|8145
710|7291
694|7907
700|8171
714|12403
706|8399
712|7496
698|8287
698|8891
702|7832
696|11759
698|10965
694|8517
706|9636
700|7736
700|9159
696|8217
698|7267
702|7511
704|8854
704|7416
708|9200
706|7592
694|7283
706|10878
694|7543
694|7395
710|17978
724|7563
708|7623
708|8113
704|7650
708|7627
714|7733
710|7740
710|7396
716|7374
716|8102
708|7687
716|7644
712|7451
710|7601
712|7712
706|8868
704|7827
710|7498
712|7905
712|8169
710|7888
706|7669
710|13838
710|7766
702|7747
708|10850
708|7836
706|16721
706|17752
718|29099
718|15616
714|7418
712|7544
714|7467
710|9085
714|7770
714|7474
716|7402
716|7993
710|7954
708|10170
714|8198
714|7462
712|7984
714|7986
708|7866
714|8440
708|8066
716|8108
718|7325
708|7365
714|7511
718|7919
708|7358
712|7979
710|9834
706|7554
714|8199
714|7612
722|7505
704|7831
710|8145
708|7583
712|7574
708|7399
712|8106
704|8993
712|7443
714|7502
706|7423
706|8342
714|9116
708|7316
714|7347
710|7652
708|7435
714|7451
712|7545
710|7862
710|7928
712|7447
710|7379
708|7393
720|7803
716|8658
710|7358
708|7538
708|7494
716|7517
708|7316
708|7495
716|8953
708|8327
708|7351
708|8581
720|8773
708|10573
714|8755
722|16775
716|12615
718|8684
718|8114
720|8508
714|7576
724|7541
716|7632
718|8487
722|9530
726|7777
722|7725
720|8787
718|8323
720|7544
720|7539
720|7906
716|8251
716|7503
726|7553
716|7868
716|8256
718|7928
722|7509
716|8013
714|8299
718|8440
720|8056
716|7475
726|7650
722|7856
716|9165
718|8924
718|7563
720|7390
716|7797
718|7684
710|7578
714|7610
722|7883
724|8329
724|7683
726|10354
714|7537
716|7818
718|9985
714|8897
720|8987
718|7738
712|10546
720|10078
716|8284
716|9053
718|9127
724|7967
718|8012
718|7640
724|7633
722|7640
718|7815
718|9463
720|11793
720|9225
722|9013
724|7770
724|8023
710|8565
726|7994
716|9814
720|8078
728|7789
724|7611
724|8079
714|7771
724|7673
716|7549
722|7638
718|9272
716|8488
724|7851
722|7502
726|7794
716|8433
716|8746
724|7652
722|7831
726|15767
720|12366
720|11597
720|10517
716|9454
720|8235
722|7976
716|15622
722|8076
718|7769
716|8020
718|8439
720|8274
714|8491
714|8104
730|10123
734|8291
726|7870
730|8045
732|9014
728|7853
732|8131
732|7992
728|8063
730|8587
728|9082
726|7877
726|8055
724|8434
728|7955
732|7860
726|8905
730|8183
724|7979
726|8275
732|7775
726|7966
722|8697
736|9594
726|7716
726|7707
736|8967
732|8167
732|9514
728|10731
724|9137
734|8350
728|8254
732|7948
730|8904
724|8960
726|8176
736|8102
732|8016
734|8561
736|10425
726|7864
730|10824
734|7838
728|7700
726|7761
732|9112
738|8462
726|11741
732|9895
724|10846
734|8417
726|8047
734|9131
732|8084
730|8001
732|8893
728|9143
738|8094
728|7756
724|8379
730|8491
730|8596
728|8765
742|8142
726|7776
730|9069
732|8098
732|9020
720|7530
724|7910
732|7997
732|8727
724|8329
736|8027
728|7677
728|7920
736|8218
742|8866
732|7887
730|7844
734|8137
732|8035
736|8174
728|8196
734|12863
734|8611
728|7935
726|8128
728|8378
728|8846
732|7812
728|7926
734|8262
732|16556
732|8205
728|7921
728|8011
728|7708
734|7960
748|8271
744|8810
748|8187
736|8610
740|8780
750|8357
744|8336
742|9201
744|8774
744|9058
748|9312
740|8927
738|8174
736|8301
738|9571
740|8335
734|8340
744|8215
744|8502
746|8312
744|8743
740|10382
738|8386
744|9658
740|8376
742|8403
740|8288
744|9074
738|8725
744|8669
740|8516
742|8585
740|8382
746|8396
734|11354
736|9338
738|9586
744|9640
740|8195
734|8532
742|7990
732|8105
740|8139
736|8054
742|8079
744|7819
738|8090
738|7890
736|8711
738|8254
746|9037
738|21599
740|8356
738|12186
744|8212
738|8235
740|7956
736|8087
742|8009
752|8420
744|9014
750|9664
738|8251
738|8398
744|8286
736|9962
734|8978
746|10467
736|8207
740|8067
738|7910
744|8001
740|9350
734|9116
738|8540
742|7729
736|7777
744|8531
738|8792
746|8172
732|7742
748|7829
740|8254
738|8070
740|8319
732|7848
736|7811
742|8266
734|8927
742|8178
744|7811
744|8259
748|8219
742|8334
738|8353
736|7738
746|7795
742|8159
744|8230
740|7704
756|7946
750|8336
748|8678
752|8958
758|7976
758|8042
748|7888
744|8533
754|8565
746|8232
756|7961
756|7943
752|8570
744|8252
754|8267
756|7936
746|7978
746|8410
756|8561
754|8142
752|8032
750|8079
746|8110
752|8101
758|7947
752|8440
752|8484
748|8618
758|8303
752|8309
748|8296
748|8133
754|8358
756|8673
752|9910
756|8959
754|8916
748|8097
750|8102
750|8533
746|9953
756|8430
746|8271
752|8324
748|8642
756|12263
752|8657
756|8918
746|9197
756|9056
756|8785
748|8451
760|9216
744|8189
758|8399
754|9232
746|9087
742|8499
756|9855
752|8434
750|8116
750|9578
744|8558
748|8301
746|9648
748|9239
748|8310
750|8753
750|8538
746|10154
742|8669
744|8681
748|8672
752|8416
746|7935
758|9308
758|8436
756|8668
748|8069
748|7996
752|8933
752|8605
758|8954
758|8251
754|8170
748|8016
748|8083
748|8741
748|8699
758|8740
744|7872
752|7928
746|8860
752|8411
752|8364
756|7982
746|7983
752|8694
748|9028
748|8424
760|8949
752|8089
756|8164
764|8202
754|9385
756|9084
758|8660
764|8175
754|8073
756|8167
756|8824
758|9115
758|8513
764|8186
754|8114
768|8845
754|8852
758|10094
756|8794
762|8153
764|8215
756|8107
764|9475
754|9074
770|9009
756|8816
756|8255
770|8243
760|8648
758|8975
768|9199
768|8486
760|8169
764|8162
756|8232
762|8476
758|8647
760|8125
762|8213
762|8285
764|9530
762|9034
766|8750
754|8386
754|8088
756|8235
762|8600
762|9969
762|8737
766|8841
760|8124
762|8099
756|8600
756|8735
760|8284
756|8281
768|8150
762|8295
764|8930
766|8663
762|8670
762|8186
768|8195
758|8143
758|8997
766|8694
766|8588
760|8143
772|8246
766|8233
760|8731
762|8715
760|8426
766|8164
766|8174
756|8171
760|8826
764|8687
758|8078
758|8100
766|8378
760|8898
762|9072
762|8263
756|8140
760|8138
756|8380
766|9592
754|8975
760|8982
758|8111
760|8235
762|8259
754|8880
766|8959
764|8498
764|8359
766|8165
758|8150
758|8925
766|8594
768|8986
780|8779
774|8443
768|8329
774|8715
768|9346
766|9117
764|8992
784|8766
770|8352
764|8332
782|8714
770|10020
766|10395
764|9629
768|8828
768|8786
768|8363
780|8546
766|8589
770|8953
770|8976
762|8899
774|8565
770|8357
766|8298
774|8614
768|8954
770|8537
770|8776
772|8509
776|8503
770|8705
774|9023
766|8612
774|8966
776|8541
766|8335
780|8526
770|8849
780|9262
766|8869
772|8922
776|8894
768|8455
770|8385
774|8672
774|8906
776|8924
772|8928
778|8439
770|8545
776|8641
762|8769
772|9401
772|8816
774|8979
768|9200
776|8495
770|8666
774|8762
770|8910
772|9325
766|9718
770|9087
770|8862
774|12966
770|10341
768|16350
774|18484
768|12284
768|8689
760|9477
780|9680
772|9055
768|8958
766|8246
774|8179
776|8853
766|9189
770|9881
770|9895
770|9656
764|9678
786|9004
770|8379
766|8419
774|8758
776|9555
764|9526
770|9305
772|9421
778|9265
772|8646
772|8364
776|8427
782|9508
772|9135
772|8830
782|9110
784|8633
780|8599
784|8616
776|8989
778|9405
776|9204
782|8995
780|9483
782|8807
788|8813
776|8831
774|8996
780|9327
786|9888
774|8951
778|9638
774|9448
780|8773
790|8716
784|8647
776|8653
776|9056
784|9134
786|8832
780|8870
784|8751
774|8613
790|8666
772|8741
790|9092
784|9297
786|9275
780|8813
780|8593
780|8586
778|8520
784|8837
778|9309
776|9245
784|9101
782|8799
782|8890
792|8682
786|8678
776|9335
780|9327
772|8613
780|8736
780|8906
778|8589
778|8896
778|9017
780|9944
786|9457
780|9209
778|8848
786|8606
782|8656
784|8728
782|8844
778|9505
778|8872
782|8821
780|9168
772|8805
780|8677
776|8840
780|9186
774|9516
794|9243
782|9197
782|8769
786|8676
776|8661
792|8701
776|8630
786|9296
778|9065
782|9284
780|9033
786|8808
774|8657
778|8681
786|8759
786|8827
774|9118
780|9655
784|8861
784|9411
778|9545
790|8615
782|8569
776|8876
780|8641
782|8644
782|8617
774|9496
786|9368
790|9345
790|9813
792|9513
786|8787
792|8846
800|8893
788|8849
788|9073
798|9740
796|9649
790|8853
790|9463
788|9010
788|8837
794|8883
796|8874
790|9248
790|8975
790|9540
792|9973
788|9706
786|8968
792|9494
796|8874
788|8798
794|8919
790|8856
794|10188
784|10043
790|9499
788|9367
796|9345
790|9139
796|8879
790|8782
792|8822
786|9135
786|9568
790|9320
790|9394
794|9348
790|9479
788|9219
788|8812
792|8827
784|9216
796|8955
800|9615
784|9251
794|9358
798|9253
794|9021
796|8892
788|8991
802|8929
792|9547
802|9887
796|10234
794|9776
782|9897
798|9718
782|9845
788|8899
788|8745
794|8903
790|8888
794|8886
796|9221
794|10023
792|9788
790|9412
790|9446
794|9390
790|9082
784|8813
788|8786
790|8833
790|8935
792|9832
800|9770
790|9562
792|9359
798|9281
796|9095
794|8880
786|8737
784|8795
792|9383
786|10102
796|9496
784|9428
786|9799
792|9563
790|9057
794|8856
794|8825
788|8925
790|9233
790|9454
788|9389
798|9085
804|9608
796|9396
802|9320
794|9011
804|9064
806|9103
804|9063
796|9198
796|9260
804|9754
806|9392
796|9425
802|9399
806|9593
802|9178
798|8977
798|8996
800|9011
802|9336
800|9212
804|9941
804|9855
796|9789
800|10469
804|9716
798|9417
802|9663
808|9571
800|9010
798|9132
804|9176
796|9303
810|9254
798|9179
804|9427
796|9481
800|9923
798|9449
802|9454
808|9378
798|9039
802|9065
798|9005
796|9132
810|9419
798|10080
794|9550
796|9555
804|9602
800|9556
800|9572
804|9122
796|8822
796|9555
800|8820
802|8843
798|9250
802|9312
800|9172
800|9673
802|10019
798|9835
800|9599
800|9436
812|9554
798|9270
800|9031
808|9106
800|9025
806|9111
790|9515
796|10182
804|10010
798|9914
808|9909
800|9639
802|9703
802|10485
794|9551
798|8964
800|8947
800|8947
802|9077
800|9315
804|9402
798|10087
810|9933
800|10691
794|9348
804|9720
802|9557
798|9250
804|9021
812|9006
796|8924
806|9191
804|9497
802|10276
800|9834
804|9838
802|9865
812|10175
810|9815
820|9828
812|9596
806|9767
808|9412
806|9145
816|9181
810|9304
814|9353
812|9469
808|9503
814|10016
812|9596
806|10200
810|9885
810|10147
818|9635
818|10052
810|9760
810|9333
820|9453
816|9233
812|9221
812|9189
806|9160
808|9200
812|9868
804|9853
812|9969
814|9847
818|9645
816|10166
810|9584
806|9701
816|9706
808|9455
812|9362
810|9195
818|9256
818|9227
810|9380
812|9283
804|9795
814|9975
812|9952
816|9932
806|9837
808|9808
810|9755
812|10166
812|10031
808|9423
804|9556
810|9460
808|9296
804|9517
812|9364
804|9417
806|9659
812|9473
806|9829
818|10099
804|9626
810|9903
812|10316
818|10053
816|9938
810|10025
816|9906
810|9947
810|9744
812|9732
810|9711
810|9184
810|9185
824|9233
812|9343
810|9297
814|9467
816|9947
812|9777
810|9668
812|10453
818|10096
808|10059
812|9955
812|9687
810|9754
812|9332
810|9372
806|9275
814|9247
808|9160
818|9241
814|9392
810|9271
808|9427
814|10130
830|10953
822|10677
818|10473
826|10375
820|10195
824|10429
818|10086
820|9639
822|9988
812|9778
818|9944
820|9985
822|10055
824|9766
822|9839
826|9485
824|9789
826|10518
814|9398
820|9365
828|9493
830|9562
816|9502
822|9577
820|9774
822|9744
816|9821
822|9601
820|9906
822|10364
816|10099
820|9886
828|10016
820|9834
816|9544
820|10057
820|9996
814|9821
824|9782
818|9631
820|9364
820|9411
818|9365
826|9447
820|9649
820|9470
820|9981
818|9737
818|10246
824|9876
828|10073
822|10113
816|10274
824|9972
818|9857
816|10175
820|10053
820|10350
826|9700
824|10067
824|10035
834|10226
812|9886
822|10154
820|9979
820|9935
820|10051
818|9467
820|9442
824|9438
814|9371
824|9428
824|9468
822|9485
820|9508
828|9773
822|9824
822|10032
818|10126
824|10118
820|10145
830|10530
814|10273
814|10442
820|10637
812|10177
830|10863
822|10586
822|11082
832|10456
818|9800
830|10866
818|10468
816|9717
818|10721
818|10369
824|10141
820|10288
818|10404
822|9873
826|10247
828|10135
836|10084
836|9932
834|9908
844|10294
828|9857
830|9626
836|9671
832|9665
832|9835
830|10019
830|10674
834|9922
826|10000
838|9683
824|9660
830|9684
832|9796
834|9663
834|9766
832|9890
832|9700
828|9643
832|9723
834|9657
832|9624
826|9636
824|9643
828|9619
830|9652
836|9703
834|9664
830|9667
828|9938
840|10072
834|9811
830|10261
826|10180
832|10379
838|10631
828|11092
834|11077
834|10469
840|10440
832|9992
826|10281
828|10316
838|9910
828|10479
826|9786
832|10371
834|10161
836|10098
824|10446
826|10025
824|9797
836|10326
830|10291
832|10359
834|10286
832|10264
828|9865
828|10338
830|10403
826|10741
830|11499
834|10311
826|9934
830|10007
834|10298
830|10408
832|10593
828|10830
838|10695
836|10617
832|10502
834|10352
830|10423
824|10514
838|10430
832|10264
832|10598
826|10504
824|10555
828|10716
830|10704
832|10683
828|10978
836|10425
828|10588
824|10227
836|10466
830|10347
824|10183
838|10498
824|9983
830|9822
834|10034
830|10152
840|10362
850|10572
838|10585
840|10027
846|10331
838|10473
840|12061
844|14671
842|12338
840|10211
844|10146
838|10113
848|10111
854|10528
840|10058
842|10420
840|10905
838|11042
842|11591
844|10524
846|10854
840|10453
840|10210
842|10662
836|10100
842|11263
842|10758
840|10736
840|10759
844|10591
842|10282
838|10735
848|11028
840|10744
836|11416
842|11682
842|10455
838|10496
840|10856
842|10248
834|10223
848|10081
846|10346
842|10314
844|10267
846|9916
840|10096
836|10140
846|10116
840|9987
844|10041
836|9960
840|9958
834|9844
840|10144
844|10188
848|10045
836|9815
836|10020
842|10074
834|9842
840|10039
836|9957
836|10057
836|10006
844|10038
842|9914
838|9853
844|9922
852|9955
840|9911
840|9767
842|9652
838|9718
848|10267
840|10417
836|10195
842|10447
840|10356
850|10450
838|10690
840|10838
842|10937
842|10671
842|11366
836|10851
846|10419
840|9943
844|10574
844|10583
840|10182
844|10290
838|11605
844|11055
836|10702
850|11191
840|11034
836|10681
840|10784
846|10625
852|11509
858|11385
848|11385
850|10026
854|10286
850|10053
858|10292
854|10333
850|10395
844|10120
854|10280
848|10466
842|10774
846|10551
852|10503
854|10522
852|10753
846|11443
856|11356
846|10370
852|10316
858|10437
850|10842
858|11355
852|11338
852|11146
850|11192
842|10918
852|10794
854|10352
844|10222
844|10177
846|10111
852|10250
842|10286
852|10419
850|11890
848|10997
850|10678
854|10378
856|10302
850|10583
858|10982
846|10668
852|10265
852|11098
858|10839
856|10881
846|10925
848|10941
848|11182
854|10448
846|11665
864|10633
852|10594
848|10398
848|10213
854|10143
846|10088
850|10109
850|10121
852|10225
850|10674
848|11024
850|10587
844|10805
848|10627
844|10853
848|10966
848|10953
854|11161
850|11296
846|11752
852|11021
848|15947
850|10805
850|14476
850|10783
850|10714
852|10490
844|10457
858|10430
850|10367
852|11016
850|10489
862|10650
850|11015
850|11035
850|10366
848|10492
850|11097
852|10456
852|11154
854|12196
856|11334
852|10862
860|11049
844|10354
858|10500
854|10919
862|11022
870|11142
856|10829
860|10847
858|11017
862|10875
860|10773
864|11383
856|11079
856|10787
858|10986
860|10407
868|10413
854|10506
858|10476
862|10532
856|10571
870|10973
858|10991
856|10861
858|10649
858|11064
864|11095
864|10965
856|10835
860|10962
858|10627
852|10461
858|11232
858|10680
866|10350
858|10343
858|10696
854|10933
860|10632
864|10889
866|11307
866|12984
862|12929
864|11599
868|10997
860|10756
862|10843
860|11187
856|10771
862|11063
870|10881
860|11270
860|11723
866|11093
864|10671
858|10846
858|10843
866|11068
860|11160
860|11336
862|10380
862|10368
866|10395
868|10392
862|10501
862|10821
860|11044
862|11037
864|11028
858|11221
860|10899
856|10998
868|11013
862|10833
870|10988
852|11277
862|10951
862|10877
864|10548
862|10470
860|10355
856|10260
856|10319
868|10827
854|10550
856|10587
864|10785
866|11114
854|11060
856|11082
860|11255
862|11284
860|11281
856|10719
870|10460
866|10544
862|10441
870|10689
866|10413
864|10330
862|10574
866|10816
862|11208
866|11197
876|11559
862|11411
866|11459
868|11520
876|11296
880|11131
868|10677
874|10653
866|10791
876|10889
868|11321
870|13039
870|11450
872|11357
870|11093
872|10697
866|10711
872|11356
868|10681
868|10947
866|10689
868|11356
870|11580
876|11279
870|11702
864|11402
878|11495
866|10608
876|10867
870|10588
870|10732
872|11112
868|11098
870|10978
874|10692
874|11093
876|11054
880|11090
872|11541
868|11250
872|11410
868|11254
868|10972
882|11278
866|11172
870|11120
878|11106
870|11028
868|10812
870|11429
872|11500
870|11325
866|11339
868|11031
870|10637
874|14538
868|11893
874|12426
876|11880
868|14813
884|12797
864|12525
870|11847
874|12408
876|11645
872|19910
868|12451
866|11446
878|11630
864|29851
868|17942
866|21095
862|11336
872|11749
872|14318
864|13228
876|13570
870|15067
876|14099
878|11253
870|12374
866|12271
868|12132
874|12362
868|12018
872|11091
870|12040
868|13359
878|11878
870|11356
870|11499
878|11217
872|11151
870|11161
868|10965
864|11164
868|10855
870|10850
876|11534
874|11548
872|13689
880|20030
876|13707
882|11621
876|16732
890|11640
878|11466
886|11531
890|11512
876|12411
882|11913
876|12133
880|12922
882|12143
880|11299
882|16466
878|12828
886|12727
874|16345
888|12612
878|12765
876|13447
878|11294
880|11925
882|17358
872|11229
884|11879
874|11772
884|11693
882|11818
886|11667
882|16763
878|11100
874|11203
888|11714
882|12033
886|11728
876|11902
876|11460
882|11054
882|10958
882|10994
878|11724
884|11519
878|11752
880|11766
876|12331
880|11029
874|11849
876|10927
888|11529
888|11201
886|11753
874|12305
882|11555
878|11343
876|11359
884|11990
884|12464
886|12641
880|12781
886|11614
876|11657
886|11512
884|11495
888|11111
878|11190
884|11377
880|11362
880|11785
882|11514
888|11864
884|11552
878|11722
884|11724
880|12013
876|11408
878|11049
892|10916
878|11068
882|11533
884|11418
882|12932
880|12319
878|11480
890|11790
892|11664
882|14594
888|11991
884|19625
888|11505
876|11090
876|11237
882|12686
880|11675
880|11892
890|12185
888|14755
880|11238
876|11100
890|11420
906|11612
890|12214
896|12445
888|11364
888|11318
892|11369
902|11847
894|11858
890|12307
894|11705
896|11518
894|11902
886|11694
890|12297
884|12182
892|13224
884|11460
894|13109
886|16737
892|16908
894|15570
900|12121
894|20030
894|12540
886|12917
886|11550
890|11439
890|12921
892|11733
896|12315
884|12140
894|11063
886|11133
884|11583
896|11697
888|12071
890|11444
890|11359
888|11363
886|11233
890|11621
890|11513
894|11833
892|11722
886|11899
882|12020
888|11370
888|11627
884|12182
888|11267
894|11437
888|11860
888|12250
890|11572
890|11469
886|11345
894|11410
884|11796
894|11661
892|11502
892|11673
892|11224
894|12068
890|11453
898|11685
894|11508
894|11727
896|11265
890|11502
888|11062
884|11409
890|11421
890|11808
888|11933
888|12164
894|11423
898|11354
894|11068
886|11154
894|11298
894|11325
898|11435
890|11434
896|11492
886|11597
884|10814
894|11674
890|11374
892|11852
890|11414
900|11636
892|11411
896|12341
894|11350
894|11522
894|11114
892|11173
892|10926
898|10868
896|11092
898|11661
896|11240
894|11442
896|11724
898|11411
892|11182
906|11540
900|11438
898|11265
896|11253
900|11273
892|11271
900|11363
900|11456
904|11352
904|11805
896|10993
906|11256
906|11345
896|11118
916|11172
902|11506
898|12215
900|11277
896|11196
908|11187
908|11421
908|11573
900|12193
902|12331
902|12099
898|11113
898|11008
904|11449
904|11991
904|11688
896|11728
904|11731
912|11291
898|11563
898|10993
908|11144
892|11066
904|12110
902|11298
904|11021
898|11024
896|11300
902|11424
902|11371
906|11800
902|11454
904|11511
904|11098
904|11152
908|11611
902|11258
898|12578
898|11140
904|11657
900|11788
894|12333
898|12230
898|11553
898|11576
900|11539
894|11862
900|11695
902|12411
902|12215
910|11884
908|11551
904|11878
894|11595
898|12041
900|11823
898|11855
904|11769
900|11895
898|12055
900|11674
898|11700
904|12190
902|11739
892|11267
894|11207
902|11403
900|11524
904|11654
902|11584
896|13296
900|11480
904|11497
912|11627
900|11808
900|11816
902|11957
898|15013
904|18632
904|12254
912|12005
906|11847
906|12087
910|12539
910|12389
906|13112
916|16841
910|29785
916|16492
912|14329
910|12194
910|12038
916|12064
916|13198
912|12720
908|13124
906|13880
912|13318
924|13085
916|12192
906|11914
912|12244
916|11834
912|12440
910|12029
920|13303
900|12170
910|11779
912|12409
912|12106
912|12408
912|12156
910|12280
914|11941
914|12069
918|12227
910|12461
912|13257
908|11752
906|11955
908|12428
922|12554
910|12833
916|12155
912|12437
908|12383
912|12463
906|12336
916|12719
918|12385
914|12799
908|12388
906|12249
906|12797
906|13108
916|14462
908|13711
908|13812
910|13750
908|13743
914|12552
914|13033
904|12417
916|12345
904|12478
912|12833
910|12847
914|12067
916|12516
912|12667
912|12492
916|11950
908|12253
918|12032
908|12104
916|12277
912|12001
914|11948
910|13229
910|12069
912|12925
914|13120
914|12616
906|11938
912|11973
902|12279
910|12079
912|11876
916|11911
924|12559
908|12256
910|12119
918|12171
904|12059
908|12552
918|12362
912|12180
904|11982
914|12431
918|12572
928|12615
918|12778
920|12455
924|12401
924|12373
918|12736
918|12244
920|12559
912|12615
918|13519
918|12284
920|12313
918|13071
918|12378
926|12566
924|12303
920|12463
920|12125
920|12275
920|12243
920|12139
916|12304
922|12548
926|12390
924|12159
928|12657
920|12300
920|12195
918|12509
926|12409
916|12299
924|12369
924|12305
920|12773
922|12083
922|12274
920|12326
922|13381
924|12466
920|12388
916|12170
930|12201
920|12432
918|12356
926|12115
926|12180
928|12437
918|12417
918|12124
924|12728
914|12819
920|13223
920|12031
914|12592
926|12339
922|12388
928|12805
924|12616
916|12303
920|12274
922|12511
918|12463
924|12315
918|12991
930|12869
920|12309
918|12338
924|12668
920|12628
922|12377
916|13151
930|13462
914|12680
924|12402
922|12793
918|12808
920|12707
928|12974
926|12127
920|12663
918|12831
922|12997
920|12221
916|12720
922|13071
920|12742
920|12291
922|12508
922|12472
922|13152
924|12507
924|12063
918|12408
922|12547
928|13073
920|12352
922|12444
914|12069
922|13499
928|12693
932|12982
940|13373
932|14155
920|12617
940|12711
926|13112
932|12920
928|13736
928|13758
932|13056
928|12332
936|14004
934|13772
928|13642
928|13443
936|12898
938|12490
932|12495
934|12505
940|12681
930|12857
930|13230
940|12941
932|12456
932|12685
936|12814
934|13298
932|14096
934|13941
928|12834
934|15394
944|14140
928|12994
944|14904
926|13070
932|14630
926|15605
932|13995
934|13216
930|13414
932|13094
932|12915
938|12924
938|13372
926|13173
932|12580
932|13480
938|13083
938|13180
928|12435
926|12457
932|12955
926|13501
932|12393
936|12682
920|12545
926|17072
928|12830
928|12411
926|14364
928|14074
940|13279
936|13116
928|12534
932|12969
938|14288
932|14587
934|12888
930|12747
930|12909
924|12467
930|13125
942|12778
928|12338
928|12803
934|12928
932|12491
934|13858
928|12637
926|14735
932|12360
930|12583
928|12919
936|12846
932|12406
924|13560
942|12828
932|12812
926|12716
944|12897
932|13510
930|13324
936|12804
934|12465
928|12458
926|13369
938|12539
938|12368
932|12856
946|12718
936|12841
936|13566
946|13418
946|12686
944|12817
932|12843
944|13618
944|13736
944|13003
938|13626
936|12757
940|12778
944|13057
938|12778
938|12742
936|14148
944|13179
954|13005
944|13462
932|13075
940|14193
940|12770
938|12589
946|12876
934|12864
952|13134
944|12872
940|13624
938|15580
936|14275
946|13632
950|13230
938|13138
936|13564
944|13782
934|16981
948|17126
946|18123
948|14557
936|13827
944|14210
938|12815
940|12851
938|13094
936|13158
938|12978
938|13955
952|15268
948|13228
932|12809
934|13022
942|13493
942|14780
946|14189
938|13611
942|13034
940|14395
940|12935
952|13217
944|13320
940|14550
936|15363
940|12946
938|12870
938|14599
944|14022
942|13994
938|15751
936|15110
948|13235
938|13195
946|15015
944|14558
938|12702
934|13018
944|13860
950|12741
938|12615
940|13156
936|15844
938|16517
936|13252
940|13478
934|14546
938|14029
946|13648
942|14759
942|13701
942|12564
940|12671
942|12940
944|14644
940|14280
954|14253
936|13386
954|14822
942|13241
944|14893
936|13099
956|13335
954|13708
946|12936
942|12843
952|13651
954|13125
948|13459
954|13163
954|13884
956|13093
954|34487
948|16146
950|15443
954|13868
960|13499
950|13556
952|13821
944|14327
958|12751
946|12908
958|13351
950|13063
950|13639
952|13400
954|13324
944|12833
956|14847
944|13357
954|13188
950|12997
950|14255
952|13911
950|13392
954|13565
956|13218
952|13218
960|14525
950|14147
946|14254
954|14719
950|13046
956|13736
952|14426
948|14061
946|13570
948|13603
960|14903
962|14523
954|14977
956|13410
948|13628
956|13190
950|15782
948|13678
958|13939
954|13925
954|13509
952|13914
946|13507
954|15159
948|13723
952|13368
946|13783
946|14177
950|14018
950|14324
950|13715
954|13957
944|13978
952|13430
946|13446
950|13523
954|13406
948|13381
948|13576
950|13233
950|13362
956|13406
950|12912
950|12955
960|12981
944|13803
952|13871
952|13422
954|14389
956|13920
954|13361
956|14355
952|12952
958|13139
956|13722
950|12794
948|13169
950|13489
946|13297
948|13885
952|14119
946|13372
956|13113
958|13749
958|13673
962|13796
958|13772
968|14094
970|14114
960|15427
974|13532
958|13673
962|13692
962|13601
960|14170
960|14141
970|13439
966|13966
976|13661
960|13068
960|13506
962|13569
960|13197
964|13494
962|13843
954|13330
960|14078
960|14565
954|13302
958|13215
960|13711
960|13325
958|15187
960|16409
960|13269
964|13459
964|13830
956|14385
960|14754
964|13087
958|13186
956|14320
958|13040
966|15431
972|13868
960|13451
962|14163
964|14588
956|13288
958|13944
952|13623
958|14058
962|14055
962|13325
966|13923
970|15704
964|14987
958|13764
962|13180
952|13566
974|14413
972|13170
960|15276
956|14469
958|13189
960|13387
956|14084
966|14573
960|14644
962|13357
960|13340
966|14072
962|13423
954|13169
968|14559
964|13533
960|13419
964|16389
958|13571
962|13671
958|14109
960|13474
966|13879
960|14145
958|13523
954|13103
958|13675
958|13128
960|13684
962|14016
968|13548
966|13770
956|13795
956|14759
976|13745
958|13890
964|13572
956|13190
962|14042
962|13863
956|13530
964|13997
960|14170
962|13939
968|13694
974|14406
978|14195
966|14426
974|13744
964|14363
968|13608
970|14547
974|14449
970|13533
970|13800
972|13826
968|14162
970|14420
976|14358
968|13650
966|13789
974|15880
982|15435
980|14049
982|14431
970|13427
972|14978
978|14330
974|14044
970|14942
968|13621
972|13480
970|13943
968|13952
972|15069
968|13821
980|14496
966|14746
972|13729
974|14382
966|14009
972|13450
966|14029
974|15219
968|14577
968|15582
968|13640
970|14795
970|13921
970|14056
974|14397
968|13506
972|14543
980|14415
968|14217
964|14386
972|13736
970|13708
966|15015
962|13389
976|13684
976|13923
968|14677
976|14328
972|15229
964|14357
974|13750
976|14170
966|36897
972|14288
974|16279
984|15512
970|14174
972|13422
970|14210
972|14593
976|14170
976|13754
970|14719
972|14410
968|13946
976|14032
970|14167
974|14832
970|14500
970|14562
974|14756
974|14431
976|15036
972|14079
972|14654
968|13616
964|13568
964|14203
974|13436
974|13485
966|14082
966|15741
970|15462
970|13714
970|14097
968|14479
974|14344
970|15142
980|14436
974|14450
978|13875
990|14812
978|16671
986|14277
984|14989
984|15267
990|14798
978|14079
990|14035
986|14285
974|14348
984|14934
982|13932
980|13866
978|14491
980|15099
986|14899
974|13473
974|14046
986|14520
980|13994
976|14714
984|14271
974|13958
980|14814
982|14670
984|14246
984|15293
986|14907
982|14506
992|15836
986|15584
982|14487
978|17925
986|14957
980|13930
974|14308
982|14279
980|14610
974|15630
980|13738
986|14335
986|14333
982|14558
990|14936
980|14058
976|13934
978|13695
988|14794
984|14019
984|14376
980|15098
980|14241
984|21444
982|14536
978|15154
980|14285
978|14432
976|15462
980|15186
988|15250
984|15699
980|14525
982|14055
978|13958
976|14165
978|14320
974|14646
986|14585
982|14436
994|13959
984|13699
990|15654
980|14731
984|14500
980|14231
984|14486
982|14689
988|14773
974|15157
982|14099
978|14422
980|14461
974|14332
984|14462
980|14299
980|14558
974|13815
990|14044
982|14195
980|14651
984|14497
990|14436
988|13757
982|14248
984|13873
982|14300
986|14331
988|14766
998|14736
988|14593
988|14697
990|14250
984|14080
984|14048
986|13754
994|13958
996|14055
988|13980
986|16514
998|15342
990|14795
998|14609
992|21320
986|14440
986|15717
994|16143
990|15302
994|16140
996|14977
990|14886
988|14996
1000|14633
990|14354
994|14137
992|14524
988|14259
990|14148
998|18357
994|15007
988|14253
994|14697
992|14421
990|15116
990|15180
996|14750
994|14776
990|15278
988|15528
982|15188
992|15098
996|14980
992|14695
994|22693
1000|34728
984|17907
988|13990
990|14647
992|14631
990|14652
996|14669
990|14050
986|14696
996|14301
992|14090
990|14259
986|13949
988|14617
996|14968
986|15278
998|14404
986|15395
1004|15549
990|14254
990|14172
986|14329
994|14522
994|14848
1000|14194
990|14483
990|14522
992|14377
994|14356
990|14009
988|15025
988|14235
990|14392
994|14020
990|13967
988|14240
988|13761
992|14281
996|14564
982|14205
992|14305
990|13846
988|14512
990|14357
988|13931
992|14121
994|14455
990|14025
992|13978
992|13863
992|14371
986|14260
986|13993
988|14354
1002|14307
1002|14295
1004|14478
1002|14529
1002|14515
1008|14585
1002|14328
1010|14723
1002|14508
1000|14524
992|14068
998|14263
1000|14533
996|14193
1002|14387
1002|14674
1004|15052
998|15078
1012|14785
998|16009
998|14744
1000|14897
998|15787
994|16691
1002|15028
1008|14477
1002|14521
1002|14637
1004|14269
1002|14401
1000|13958
1006|14141
1002|15059
1000|13986
1002|14014
1002|13759
1006|14433
1000|13557
996|14221
1000|14519
998|14339
1004|14561
1000|14293
1000|14621
1006|14674
1004|14656
1000|14470
994|14300
1004|14504
1002|14559
1008|14719
1004|14353
1006|15613
992|14265
996|14545
1004|14756
1004|21287
1000|15975
1002|15176
998|14495
1002|14485
1000|14269
998|14779
1002|14612
1000|14619
998|15026
1002|14694
1000|15116
1004|14118
998|14639
1002|14289
1004|14547
1000|14758
1004|14554
992|14286
996|14365
1000|14147
1002|14645
994|14522
996|14977
1004|14653
998|14535
996|14536
1008|14447
998|14547
1000|14247
1008|14732
1006|14471
992|13979
994|14182
1002|14440
1002|14377
1006|14509
1000|14529
1004|14192
1006|14130
996|14242
1000|14525
1004|14384
1010|14728
1014|15272
1004|16168
1022|14861
1008|14900
1012|14713
1010|14519
1010|13951
1008|14406
1014|14412
1014|14102
1004|14482
1010|13874
1014|14387
1014|14180
1008|14152
1014|14113
1016|14448
1012|14094
1012|14310
1020|15154
1010|14364
1008|18070
1016|15774
1020|15453
1014|15434
1010|14843
1018|15012
1020|15870
1004|14495
1014|14550
1004|14618
1014|14523
1004|14575
1004|14698
1012|14311
1014|14344
1012|14675
1008|15018
1010|14677
1006|14471
1014|14524
1010|14544
1004|14955
1008|14555
1018|14726
1010|15081
1010|14784
1004|14968
1006|14862
1006|15351
1012|14938
1018|15398
1010|14371
1020|15091
1008|14816
1012|14834
1008|14391
1016|14764
1010|15183
1010|17670
1026|15346
1016|15297
1014|15031
1018|14765
1014|15779
1010|16306
1016|17413
1012|14628
1018|15293
1006|14476
1008|14963
1008|14946
1010|14594
1010|14660
1010|29632
1010|15009
1004|14926
1010|14998
1006|14653
1006|14949
1020|14976
1006|15124
1006|14754
1012|14997
1016|15213
1008|15413
1006|15294
1008|14558
1014|15105
1014|14933
1014|14938
1016|14982
1004|14910
1018|14908
1020|15224
1014|15394
1008|14662
1020|15044
1016|14666
1010|14958
