2
2
26
35
25
21
17
12
36
17
15
11
25
4
14
35
3
11
6
33
37
15
28
8
23
32
10
10
22
17
17
39
1
32
14
26
15
24
14
20
0
38
18
27
34
6
32
16
33
25
29
20
16
15
24
3
38
21
9
7
12
31
10
17
17
22
22
36
31
16
8
11
33
28
25
6
2
37
18
20
38
25
4
16
7
11
29
17
32
14
5
33
36
20
12
29
27
32
2
30
38
10
9
9
22
7
34
2
19
39
5
12
39
30
4
34
26
15
32
7
0
3
18
2
3
17
7
14
9
0
29
3
22
18
36
12
1
32
26
37
12
25
39
1
22
36
7
7
17
25
33
23
39
37
3
22
33
1
31
33
38
10
12
24
25
17
9
3
9
7
32
32
38
25
20
8
33
21
14
14
29
33
34
2
5
12
14
9
37
22
22
29
15
12
39
24
11
2
15
27
12
34
19
20
38
9
25
39
2
37
7
16
28
8
22
31
28
35
27
1
4
26
36
0
10
7
13
7
32
33
30
25
2
2
33
15
23
14
32
28
33
14
16
20
28
34
1
38
20
22
36
12
31
28
5
34
39
7
8
13
37
14
34
4
25
1
13
6
15
4
12
17
0
36
21
20
24
14
5
1
9
32
36
25
24
1
36
4
31
2
28
3
30
20
33
36
36
15
2
18
12
15
27
36
14
23
26
23
37
5
35
29
29
27
9
4
9
34
17
0
38
19
7
35
10
30
17
31
8
24
10
6
18
36
26
3
36
34
17
21
38
17
10
9
6
27
6
35
9
11
9
37
17
12
5
31
22
6
6
2
13
18
29
22
3
7
26
15
16
8
22
37
8
16
16
37
30
15
2
10
1
26
28
35
29
23
13
21
29
11
5
6
18
33
13
10
13
17
5
39
11
20
28
24
33
18
14
37
25
23
31
12
30
5
17
12
6
23
7
4
33
33
27
23
5
37
39
32
7
12
4
4
16
13
22
9
34
1
17
21
29
7
1
27
27
34
5
29
23
29
6
5
17
33
33
3
20
38
20
22
0
24
7
2
12
34
0
12
28
1
32
22
35
39
18
8
23
15
21
4
32
33
16
32
24
27
2
22
26
32
1
3
16
22
35
12
16
15
13
18
25
33
26
18
14
4
37
11
21
1
12
12
0
6
12
23
36
4
28
8
7
4
4
13
35
38
19
10
17
0
1
18
17
15
29
35
26
31
26
26
19
8
6
39
33
11
30
18
29
8
7
5
1
31
38
38
2
25
15
37
25
27
5
20
15
3
24
38
2
4
3
7
22
33
11
10
39
1
3
28
5
35
8
22
22
7
7
7
9
34
4
31
27
32
22
0
19
23
13
0
12
20
7
27
18
28
11
32
3
30
9
27
27
9
10
36
6
37
38
35
37
33
8
28
36
12
26
1
23
32
3
18
5
18
37
32
15
25
39
19
37
5
10
37
2
35
28
25
28
2
1
8
21
38
10
11
33
6
28
7
18
34
14
19
22
9
9
6
6
11
7
33
11
36
8
27
22
21
25
11
35
12
33
11
23
10
30
18
39
25
1
11
24
19
37
38
31
8
12
33
6
22
11
27
10
17
14
5
1
19
32
35
11
34
6
37
29
35
39
11
29
15
24
4
28
2
23
20
17
8
9
32
6
28
39
16
28
3
8
2
12
29
16
8
9
5
5
3
19
0
29
5
8
33
20
8
15
4
23
16
39
30
2
13
31
10
10
12
30
3
23
21
38
21
7
25
33
0
1
30
22
28
37
24
17
35
27
20
39
16
26
12
33
22
18
25
6
0
16
20
5
12
25
25
19
17
14
38
24
1
8
19
28
16
5
12
27
6
15
30
19
9
37
27
39
10
28
35
9
25
38
22
6
9
34
26
27
32
22
3
5
4
25
31
8
25
10
15
14
22
1
18
1
31
9
18
36
0
11
30
18
39
9
39
18
39
11
6
3
14
1
4
27
14
18
35
30
21
38
36
0
29
5
38
6
16
5
7
13
35
37
10
22
30
12
12
37
2
4
10
7
23
29
39
33
10
33
32
19
31
39
1
38
14
33
1
35
21
0
24
0
27
12
22
24
3
0
1
0
9
1
14
26
16
26
39
26
13
16
29
8
27
11
16
0
8
28
38
15
13
17
16
24
9
36
2
38
32
22
7
4
28
4
38
3
1
25
18
8
13
17
5
2
14
26
8
27
10
26
27
10
5
33
32
2
29
24
37
6
21
21
17
32
39
22
14
34
15
22
2
12
17
37
30
14
2
33
17
30
37
23
19
18
3
22
38
25
2
34
12
12
7
24
31
27
5
13
35
14
17
29
27
10
8
25
27
11
22
19
1
22
26
39
32
4
34
34
23
28
22
6
1
13
3
38
18
5
6
36
16
32
32
13
31
30
31
34
4
0
12
36
17
12
31
30
7
29
36
15
33
8
22
33
2
29
5
36
2
25
35
29
15
33
28
11
27
29
20
8
19
34
34
0
10
2
32
9
1
33
0
16
1
14
38
11
15
37
28
4
22
33
16
19
3
34
13
21
22
23
15
2
32
6
15
20
5
1
26
26
2
35
7
12
34
13
25
7
22
30
36
32
20
34
16
37
32
33
27
15
29
6
27
10
35
38
29
17
25
39
28
21
28
26
5
28
16
31
38
28
23
5
32
5
38
14
25
17
35
26
9
17
25
6
35
30
2
6
23
2
31
23
35
4
34
5
3
6
39
15
6
2
23
1
21
5
39
36
8
10
37
38
19
18
13
12
23
29
3
6
14
11
14
3
24
7
19
15
5
6
22
12
23
7
13
7
27
24
26
8
17
17
29
29
24
22
35
20
34
17
6
36
0
19
1
32
22
33
14
38
23
30
31
5
0
24
22
26
25
4
29
12
24
19
32
35
23
27
34
1
27
26
5
0
2
20
21
21
24
36
6
35
2
31
33
28
36
2
26
22
8
23
6
12
34
38
20
30
26
35
27
34
16
18
30
30
12
35
20
31
19
4
1
35
9
31
7
21
34
6
7
21
27
1
10
23
27
33
2
12
4
14
8
35
38
24
8
23
25
34
7
10
16
39
2
17
19
16
19
5
13
26
28
22
18
21
24
11
22
17
29
35
10
26
28
23
27
17
15
0
17
0
17
28
36
5
0
6
32
37
7
4
34
27
7
30
3
17
23
33
12
38
3
18
1
7
5
24
0
24
9
10
14
21
25
5
38
6
35
39
28
11
30
24
17
24
0
12
16
36
14
27
6
23
32
16
1
34
34
37
11
28
1
36
3
32
33
4
23
28
14
30
32
11
2
10
20
9
22
12
2
32
24
9
5
0
5
16
25
37
13
9
26
19
19
36
33
25
16
30
23
23
13
39
18
15
27
13
3
31
14
36
14
22
26
37
27
10
5
39
28
29
5
5
36
29
30
36
16
21
16
33
16
2
16
29
26
0
24
20
18
21
38
4
10
18
16
20
11
10
2
19
14
8
35
18
34
15
18
4
14
3
0
32
36
15
15
29
32
19
5
30
38
4
16
7
25
21
29
0
36
1
21
9
4
34
26
12
4
18
36
16
31
35
17
14
22
34
2
3
13
30
24
26
31
33
3
36
7
36
38
23
33
5
8
18
13
11
34
19
5
4
31
22
30
16
39
5
30
12
17
3
16
36
22
25
13
38
22
29
6
18
0
29
28
27
28
37
22
3
0
31
12
37
19
22
12
24
10
15
20
33
14
20
5
15
5
14
29
6
35
5
4
21
38
32
11
5
12
6
5
8
11
9
32
15
36
5
18
0
24
11
14
19
14
37
1
15
21
36
8
5
0
22
23
24
22
22
7
3
39
23
16
11
11
2
37
24
22
25
7
5
0
11
38
11
6
17
0
35
18
12
39
11
31
20
6
33
25
22
4
18
27
8
16
3
23
0
13
14
5
29
4
9
25
30
21
35
36
0
12
28
5
10
0
19
9
20
11
13
30
5
17
9
22
33
10
25
4
30
25
35
9
17
19
10
4
7
26
16
13
37
7
35
39
20
35
34
23
20
5
2
38
4
31
35
22
10
1
22
8
24
2
25
34
14
23
10
4
26
39
3
12
29
2
17
18
32
28
22
32
36
2
1
37
27
11
31
31
0
19
32
21
17
12
20
1
6
7
38
35
23
32
33
24
16
35
18
29
20
17
31
12
16
3
32
18
29
4
30
36
27
39
12
9
17
36
6
16
18
8
38
2
0
36
26
26
11
4
8
35
13
36
15
9
5
6
7
35
30
22
15
19
4
31
30
34
12
0
4
1
9
35
6
5
10
10
4
2
15
17
31
34
23
30
25
6
0
20
33
22
26
17
1
22
3
20
16
25
38
20
15
10
0
12
11
4
0
7
14
9
22
1
29
6
16
8
3
9
34
17
9
3
22
2
28
3
18
16
3
30
24
38
1
8
21
30
34
16
36
0
4
33
12
6
39
5
18
24
37
19
14
0
0
16
37
23
13
7
34
4
25
32
32
24
0
35
5
21
31
8
71
44
55
49
58
60
68
61
44
50
67
56
56
41
44
59
68
50
58
72
76
43
67
40
61
65
50
76
57
67
78
46
43
65
50
47
70
65
56
69
69
66
67
47
60
62
40
41
54
67
62
74
60
73
59
71
70
67
47
62
42
67
67
68
52
59
44
76
40
51
71
68
54
73
51
67
70
78
70
75
60
58
43
65
49
73
76
58
73
76
57
43
78
57
72
66
48
77
59
50
52
69
61
53
60
50
68
62
47
43
70
45
60
63
56
45
72
78
50
51
54
79
56
45
61
78
79
46
49
50
59
43
48
69
58
62
65
48
45
68
69
58
70
49
74
76
49
71
60
43
67
43
50
51
47
45
61
51
69
71
60
74
64
78
44
76
65
49
58
41
53
44
60
41
43
79
65
76
44
48
61
40
73
57
47
67
48
78
66
60
75
71
71
44
72
58
79
54
54
55
40
48
79
52
74
61
56
60
41
76
42
61
75
53
72
60
75
77
69
48
60
63
74
74
74
75
76
75
50
55
69
47
73
72
46
43
69
59
49
54
49
47
55
54
69
62
54
60
59
60
62
57
48
56
63
74
79
72
42
53
73
44
76
49
48
47
54
75
52
57
67
77
52
77
68
44
49
77
67
64
46
68
77
71
42
66
48
77
76
71
51
56
47
49
60
62
70
45
70
57
60
47
60
63
41
58
58
52
42
61
42
47
60
50
42
69
78
77
53
79
57
53
79
75
59
74
72
65
63
65
56
65
50
78
75
45
59
53
43
45
56
79
51
68
60
77
45
53
40
60
70
73
57
78
63
62
54
49
69
53
76
51
64
64
60
64
57
43
46
45
57
66
59
64
74
61
55
52
45
79
54
71
45
54
65
68
64
46
58
44
60
50
54
40
50
76
76
47
77
77
74
79
47
59
76
40
65
49
75
46
65
55
42
79
41
76
46
51
47
40
55
70
62
40
53
79
50
67
46
45
48
43
60
55
53
74
61
44
69
55
62
59
45
76
45
44
72
72
69
47
78
44
46
77
77
78
42
41
75
45
71
43
62
54
55
66
66
66
67
44
65
42
58
69
60
40
78
52
55
64
64
54
49
47
63
76
41
46
51
78
66
77
78
72
40
58
77
70
59
68
61
76
61
51
76
51
46
54
73
62
69
78
48
74
67
54
70
49
45
42
66
76
77
48
75
73
68
49
79
49
71
56
52
60
76
51
44
46
68
72
41
62
69
59
52
63
46
59
45
50
48
51
79
65
72
46
45
69
77
51
74
78
72
41
55
52
63
43
42
66
74
75
59
66
64
40
43
77
62
61
46
60
58
76
46
62
44
69
65
77
44
50
55
44
59
42
66
50
52
41
56
62
74
42
55
51
57
52
50
72
51
61
68
64
61
57
48
78
52
48
52
63
44
72
50
43
47
41
45
60
67
44
44
48
75
69
53
65
78
46
48
47
75
46
58
49
74
62
48
72
41
63
42
57
60
40
68
70
61
42
68
69
41
56
65
59
73
60
42
48
62
70
65
70
40
67
53
54
40
61
50
61
46
47
54
64
46
41
55
70
71
42
49
44
57
66
54
61
49
71
57
67
67
79
44
73
77
47
45
61
47
40
70
66
52
47
53
53
55
45
77
74
68
59
44
73
44
73
62
67
73
61
71
50
59
69
72
59
49
79
57
47
69
79
61
51
54
62
57
69
47
61
59
79
44
58
67
58
67
46
73
45
41
51
56
77
60
69
75
77
52
45
49
55
65
42
63
77
58
61
56
62
76
73
78
52
62
67
54
48
43
78
78
69
79
49
72
41
42
53
75
70
67
72
47
55
78
56
75
76
68
61
71
55
42
79
51
71
77
72
70
40
44
78
76
46
42
78
53
78
73
48
76
77
66
74
53
44
64
43
61
59
59
58
53
59
60
47
76
72
75
51
43
51
76
49
44
69
77
62
51
77
57
61
79
57
70
55
77
43
55
44
45
43
50
44
78
66
45
52
53
46
47
72
63
47
59
61
57
74
43
76
62
64
50
65
67
48
56
55
64
43
44
59
71
61
63
65
40
66
65
50
68
60
69
72
74
70
65
50
44
49
55
44
72
49
49
62
45
47
51
61
67
41
49
70
49
68
44
55
48
71
58
44
48
64
56
56
59
62
54
53
53
46
55
51
53
71
60
47
63
55
66
66
42
67
59
68
48
57
61
72
43
46
73
56
49
53
76
61
58
76
41
52
76
60
58
51
54
58
73
74
49
49
75
49
76
75
74
76
49
55
66
63
54
63
79
45
42
43
57
53
49
43
42
49
60
44
79
61
44
72
71
53
78
42
78
76
43
72
41
69
79
78
57
78
50
67
45
63
78
40
62
56
58
63
62
73
77
65
54
43
48
79
78
68
69
74
51
70
66
64
49
46
68
63
40
59
51
77
66
56
58
44
58
53
63
64
43
46
46
51
70
52
45
66
75
58
57
74
60
56
66
40
42
53
76
62
78
69
79
41
74
57
60
76
67
57
50
63
71
54
48
74
42
48
60
45
74
69
71
72
66
45
48
64
60
51
50
44
46
50
42
58
60
48
42
49
78
64
63
70
51
75
45
72
74
52
70
51
63
79
57
60
61
74
45
64
58
78
73
72
74
45
53
62
62
67
50
69
75
55
42
58
41
67
78
77
40
76
63
53
43
40
58
56
41
73
46
52
76
73
57
62
54
50
78
77
47
51
64
73
44
62
47
54
76
72
79
56
65
62
42
44
70
40
43
50
66
54
68
57
54
79
79
77
58
72
69
46
79
45
51
71
69
40
68
49
54
52
45
63
44
52
65
53
43
74
62
74
51
70
66
44
54
62
56
60
52
78
65
75
42
45
66
61
66
69
40
72
72
50
69
75
45
48
68
42
50
71
75
41
60
45
79
74
63
65
50
63
54
50
73
61
40
50
63
63
49
58
51
76
78
75
59
77
49
66
57
59
65
54
60
63
48
45
67
75
75
48
48
57
53
45
50
67
73
59
58
51
55
65
50
71
61
46
56
51
50
41
45
50
54
44
75
75
74
44
42
62
44
57
40
42
41
50
46
48
69
79
50
71
69
75
63
57
43
42
56
53
78
78
61
46
44
71
77
70
55
79
70
73
68
50
61
67
71
42
77
41
54
54
73
43
61
65
54
45
70
75
43
44
49
67
45
43
54
57
57
59
73
45
57
43
48
58
61
65
49
61
56
40
53
60
64
60
66
70
69
59
69
65
53
68
52
69
57
58
52
71
77
62
49
46
40
68
46
69
64
62
63
75
52
70
56
56
59
69
42
76
56
66
51
65
62
42
42
40
55
64
70
69
77
73
67
76
57
58
54
52
79
79
59
78
53
44
42
74
44
42
61
60
42
58
49
72
40
71
67
72
40
40
69
72
68
50
44
55
54
48
54
59
55
43
60
62
44
55
68
47
73
64
71
70
52
62
62
66
43
46
54
60
40
58
44
72
70
66
53
51
68
63
76
69
64
48
55
47
62
56
77
72
43
71
54
61
59
67
42
43
63
73
46
74
74
54
50
73
59
47
40
53
64
63
53
50
40
46
40
78
76
52
68
45
54
41
41
50
42
56
53
77
78
67
70
49
66
54
49
46
45
59
71
74
60
60
60
64
47
57
47
44
69
58
61
64
79
50
46
44
70
46
45
79
44
70
56
53
46
52
69
59
72
78
60
48
79
77
43
79
69
41
52
79
70
63
54
46
59
59
66
57
77
64
69
54
54
62
45
76
77
44
54
53
48
53
48
64
54
78
75
42
44
48
79
62
50
77
47
76
45
57
42
64
78
73
57
59
44
47
69
42
48
64
59
60
70
40
73
44
47
66
56
55
46
72
50
70
66
53
60
48
50
65
76
55
43
58
49
41
71
65
51
43
41
69
41
40
47
68
75
73
66
63
68
68
47
48
74
44
66
61
52
51
40
44
71
59
76
76
43
46
72
77
68
47
57
77
68
43
79
59
67
49
68
79
63
52
66
53
51
46
67
70
67
49
69
44
76
62
58
45
66
47
68
64
64
79
41
64
61
60
69
71
77
77
69
72
69
44
50
62
78
44
74
78
49
51
53
58
50
55
78
58
48
62
76
63
56
65
78
65
67
63
62
43
45
76
71
64
46
45
71
64
69
78
46
59
72
76
41
43
59
67
71
60
75
55
46
45
40
68
74
47
52
67
57
72
43
77
48
58
68
68
48
43
70
79
59
47
43
57
61
44
43
71
45
71
59
52
61
76
49
66
79
65
72
73
46
76
53
67
61
63
60
78
77
78
48
41
41
42
68
41
77
62
59
52
41
76
65
51
71
69
64
64
69
69
60
56
56
41
53
41
49
79
75
49
74
53
63
73
71
57
42
55
46
70
51
55
55
79
78
67
59
48
44
44
66
77
75
42
65
45
45
49
54
60
77
47
58
49
56
49
46
71
57
50
63
48
61
40
59
57
47
54
43
72
74
57
67
61
63
59
49
57
50
76
65
75
61
46
72
77
65
76
70
52
71
47
111
104
91
97
97
114
113
113
90
94
97
103
115
110
94
99
95
89
95
110
109
80
95
113
90
102
89
89
117
104
83
109
88
83
90
113
115
104
87
112
116
112
95
116
105
84
102
96
97
97
80
88
101
104
86
82
82
119
85
83
82
82
101
96
89
102
98
109
85
89
99
90
86
90
100
97
97
117
87
109
117
105
83
90
83
98
89
112
96
111
115
103
83
87
116
113
88
113
110
80
106
88
110
91
103
92
81
101
94
105
93
97
119
82
100
86
112
114
113
82
95
80
97
105
111
85
100
82
81
104
110
119
99
92
110
94
81
116
106
102
102
90
119
88
109
115
105
114
81
81
87
105
99
112
112
113
92
117
112
106
80
88
87
99
117
96
84
119
92
104
99
99
81
108
85
95
114
92
103
117
91
117
97
99
107
117
99
82
89
104
110
83
92
115
89
84
88
115
103
106
85
114
101
80
81
80
98
115
99
86
83
110
109
111
111
112
90
94
87
88
100
105
106
97
100
83
103
113
103
81
101
115
110
114
85
108
96
117
115
107
92
111
84
83
100
99
100
85
92
118
99
91
104
114
119
97
112
81
80
104
90
118
117
94
111
96
83
84
96
103
108
108
119
114
99
114
108
90
91
96
109
109
84
85
101
94
80
117
93
111
107
118
100
99
90
116
106
101
110
87
103
117
96
86
99
119
119
119
92
110
115
101
114
83
114
105
87
112
115
119
103
85
111
90
89
117
90
95
92
80
89
84
119
88
93
83
84
119
106
118
92
108
80
114
89
84
109
112
110
111
82
111
101
113
119
88
84
106
117
85
93
117
119
117
80
112
114
99
104
91
114
82
89
105
85
85
115
103
98
111
114
112
112
91
86
88
117
94
106
94
93
99
87
108
86
98
87
108
113
97
88
119
88
114
108
105
98
111
115
86
119
99
101
101
96
110
118
105
96
85
118
87
107
96
93
90
96
96
82
114
105
113
114
94
105
88
113
93
98
86
100
87
112
96
113
98
101
88
104
113
92
94
92
86
97
106
99
109
80
99
97
81
109
83
93
91
111
94
108
81
98
103
94
104
117
97
114
86
90
81
86
102
94
109
114
101
119
115
103
111
85
100
102
97
96
118
81
99
101
109
82
92
97
111
92
100
83
99
102
113
116
99
111
103
84
111
81
95
83
91
119
103
98
102
106
92
116
86
108
96
114
103
112
116
83
104
113
104
82
95
110
96
112
113
115
96
111
107
97
104
80
91
116
110
94
111
102
88
89
103
89
81
117
105
101
89
104
92
93
118
80
103
100
89
101
84
100
82
87
107
104
99
103
99
112
94
116
110
95
107
85
87
117
94
98
96
94
110
95
95
97
113
111
93
112
109
91
118
111
108
96
98
110
90
113
112
119
101
113
103
93
83
107
117
90
118
111
116
95
81
117
119
88
115
112
89
106
93
85
114
110
111
110
119
111
119
112
109
107
84
87
97
107
84
91
114
110
86
81
81
99
109
98
115
98
85
113
118
90
103
92
112
98
116
109
112
89
102
91
102
106
86
109
93
100
107
110
100
80
110
91
99
84
86
110
113
113
113
92
99
83
91
103
115
114
82
89
95
95
81
82
86
111
116
93
109
92
101
119
83
95
106
85
101
99
90
93
86
103
98
104
104
105
110
80
104
94
100
97
94
116
98
117
107
117
89
101
81
93
112
98
108
90
94
113
111
91
117
115
86
94
105
86
85
92
92
86
105
114
114
84
119
88
83
92
104
115
106
89
102
107
112
114
81
100
99
113
101
100
96
115
84
109
110
92
110
95
117
83
89
97
110
93
97
102
115
105
93
118
107
113
103
95
119
89
96
81
103
96
111
95
91
103
103
116
93
94
100
116
116
83
107
113
98
103
118
91
85
110
91
119
98
116
112
83
96
100
117
91
104
113
118
86
87
83
115
80
82
104
105
106
118
86
98
98
102
87
117
112
100
99
112
115
119
88
117
118
112
88
105
115
93
91
105
115
83
116
84
100
100
110
110
103
104
81
98
82
89
91
95
107
113
88
90
111
100
99
90
101
115
100
92
106
89
87
91
80
111
80
81
92
93
106
89
83
110
94
86
82
82
85
111
81
93
89
115
99
81
91
118
96
109
84
109
80
110
119
98
95
115
87
113
102
93
97
109
117
90
96
100
85
93
92
119
99
93
103
111
101
87
106
111
106
98
107
85
103
119
110
107
102
117
113
81
99
114
93
115
116
92
119
99
95
99
104
117
96
93
117
114
89
80
92
97
110
86
93
113
90
99
111
89
85
114
111
116
85
111
101
93
83
81
109
90
96
87
106
100
119
111
114
113
100
115
106
102
82
118
104
90
103
91
106
97
94
81
118
90
108
110
109
81
108
105
80
87
89
93
102
102
107
112
87
111
84
83
96
96
82
102
112
115
113
106
93
115
97
103
106
104
94
116
98
87
104
118
99
111
106
119
100
105
93
83
90
109
90
89
109
102
89
106
111
109
80
87
98
115
87
108
117
104
100
106
99
113
88
95
87
87
102
87
116
103
104
103
83
88
101
101
91
117
114
80
101
99
106
90
94
115
94
84
84
85
102
85
83
110
89
105
115
100
114
102
112
113
116
86
86
96
101
100
103
81
108
113
82
115
80
110
87
116
90
99
114
98
118
86
103
112
114
91
106
100
104
87
101
111
108
95
117
81
80
91
108
103
109
113
119
115
101
102
92
87
89
114
91
80
99
96
103
109
108
82
102
86
89
110
96
116
112
92
111
111
82
107
96
102
106
81
83
91
96
97
84
88
86
83
110
97
111
103
117
108
80
83
81
99
115
112
118
80
114
90
97
109
83
93
81
106
117
118
105
108
118
90
84
114
110
112
113
94
92
108
102
110
88
95
91
96
83
93
99
108
89
90
100
96
113
95
98
103
113
103
115
104
97
93
91
114
84
112
98
94
103
104
112
101
108
95
89
88
107
84
113
104
99
107
89
116
86
86
93
92
118
84
81
85
109
87
117
111
116
89
100
81
94
112
114
102
118
95
103
106
85
113
93
119
101
99
107
100
88
98
83
88
109
109
112
117
115
80
80
112
119
117
119
107
100
106
80
89
100
110
112
94
113
106
117
80
103
112
102
86
116
91
107
91
91
117
94
102
92
101
86
87
117
86
114
82
82
83
106
85
105
93
106
119
107
91
84
107
90
110
119
87
99
91
96
97
92
92
89
113
117
89
108
106
83
106
86
88
108
101
106
89
88
116
100
105
80
116
85
114
84
102
88
102
88
105
117
90
117
96
80
113
115
101
102
111
101
99
119
92
81
104
87
107
117
87
109
112
117
113
85
100
111
84
102
93
119
111
81
108
108
81
92
94
98
82
94
82
108
83
116
100
102
93
110
100
80
115
117
90
95
82
83
102
83
102
115
88
82
106
113
87
105
99
88
82
94
103
90
81
103
82
100
114
96
114
115
83
88
89
119
85
102
112
106
92
102
117
100
113
115
89
113
86
96
95
89
93
98
114
107
105
102
106
98
104
95
103
119
80
115
84
99
109
102
105
110
111
114
92
99
110
94
108
92
114
82
115
106
93
83
96
103
116
103
102
104
103
96
99
114
83
108
91
87
119
92
89
110
95
95
83
92
99
91
117
82
85
117
87
80
111
116
95
105
88
105
100
92
115
96
96
102
116
119
81
96
89
93
99
109
117
108
117
106
89
87
80
108
111
89
102
111
94
87
109
81
93
80
102
93
107
111
91
108
109
94
80
108
90
109
80
115
92
117
87
87
82
102
111
92
84
102
85
98
105
83
94
101
113
108
110
98
93
96
98
90
95
91
83
103
88
81
98
117
104
110
110
80
88
106
81
116
101
118
118
116
101
101
118
96
88
102
97
111
107
83
109
118
86
105
108
91
104
98
119
103
83
105
103
94
91
85
85
99
86
93
83
96
85
112
99
89
88
85
102
118
98
97
104
98
108
113
80
103
96
88
103
105
103
109
110
112
81
82
92
87
87
103
85
112
82
90
101
90
105
96
119
89
103
111
80
84
90
100
88
97
92
85
116
86
96
105
85
112
88
83
96
91
80
84
119
117
86
111
107
98
82
110
101
106
116
119
116
100
105
116
116
87
113
87
96
96
114
99
82
91
103
103
91
110
112
108
99
81
107
91
81
119
111
114
80
110
91
87
114
111
90
85
91
119
109
119
119
82
113
109
105
88
96
108
83
106
87
81
87
105
100
103
114
116
109
83
83
107
82
112
92
88
91
96
117
101
97
117
118
86
99
103
102
81
118
114
109
107
113
112
86
109
97
116
84
106
112
83
94
103
108
90
113
116
111
104
116
93
94
115
109
105
91
111
111
104
93
102
104
81
81
81
91
109
87
91
92
115
109
106
99
86
105
110
102
104
105
101
92
102
106
115
83
81
95
111
90
99
90
113
92
97
86
87
92
96
103
103
112
113
100
101
115
93
119
118
116
109
103
89
107
96
101
97
81
113
104
92
119
107
90
111
97
97
116
90
86
92
89
157
122
139
159
151
125
124
127
128
124
140
122
153
158
155
140
159
157
136
149
146
128
135
132
132
136
130
159
135
154
130
141
126
132
133
142
135
152
149
125
158
120
148
145
137
138
120
154
127
125
147
153
131
144
139
128
121
153
151
121
123
132
140
138
138
121
133
127
153
120
138
157
129
142
148
133
146
135
141
155
125
159
146
127
137
147
139
138
143
131
154
148
120
139
148
141
134
137
148
155
135
157
149
125
156
146
127
120
155
153
145
146
153
144
126
127
126
155
150
148
148
155
142
146
136
142
120
134
156
156
131
143
141
155
123
130
124
130
150
125
144
122
121
123
122
139
142
148
139
135
148
141
135
150
130
127
153
129
125
155
125
158
157
127
147
152
128
158
131
142
123
145
123
159
140
121
148
139
155
147
144
138
120
137
133
139
126
125
124
132
131
135
133
120
136
148
140
130
126
121
125
144
159
159
139
153
122
150
150
128
142
134
128
140
145
120
154
128
157
138
144
155
146
141
134
151
143
150
135
159
152
158
135
125
123
154
144
134
122
138
137
132
128
138
128
146
158
138
132
145
126
144
154
135
131
126
139
141
131
134
133
132
143
131
157
137
154
143
123
129
149
141
127
138
145
144
157
143
157
135
159
145
138
124
135
150
156
146
134
126
139
131
126
138
133
158
124
135
120
139
136
126
151
129
140
139
122
147
150
126
141
155
145
135
156
126
150
157
159
157
150
135
139
134
154
157
157
127
141
134
140
124
133
129
137
128
159
141
129
142
126
131
148
143
144
123
124
120
127
136
130
139
135
138
150
138
153
147
136
151
136
131
121
129
124
135
125
126
137
141
120
127
158
123
123
124
146
138
139
123
131
133
126
136
142
139
144
122
150
149
127
120
139
152
137
123
144
149
122
124
150
149
135
141
127
140
143
137
127
126
139
137
137
145
129
135
155
155
122
142
152
130
143
135
155
123
159
143
132
144
128
158
122
141
154
138
136
123
156
153
134
150
138
120
158
138
125
158
124
153
124
146
156
141
155
143
158
134
150
158
120
148
134
139
155
135
124
121
155
126
127
146
133
142
139
153
150
121
140
140
126
139
141
142
158
144
143
125
157
120
130
134
133
127
148
126
124
137
149
151
155
130
140
132
135
136
134
150
136
138
155
134
137
143
131
154
133
150
156
137
135
120
143
126
146
135
143
120
142
127
144
124
142
130
127
121
150
148
126
129
136
138
131
137
121
125
138
155
124
140
120
152
147
131
140
135
156
158
136
146
128
142
146
132
127
148
128
131
155
146
142
146
121
126
145
141
127
144
154
133
142
134
152
128
156
137
132
120
142
125
156
128
129
136
136
125
143
121
157
120
150
125
133
128
152
140
130
136
155
153
151
142
127
149
132
132
138
130
141
145
124
148
140
148
141
129
121
144
145
152
128
123
157
130
142
158
149
142
140
129
152
148
145
136
126
130
145
152
127
136
150
154
149
141
124
131
148
147
140
121
139
147
129
136
149
142
144
159
130
121
151
124
143
125
140
138
157
123
143
131
140
122
152
158
151
150
146
121
153
123
137
139
158
123
134
131
131
157
133
120
134
155
159
151
133
141
147
134
142
129
129
140
123
139
153
127
135
130
138
123
135
134
125
136
148
147
159
143
137
140
158
127
128
146
126
149
130
135
127
129
124
147
129
123
149
153
127
140
141
147
147
137
143
143
134
144
124
152
127
135
132
129
147
155
135
142
132
140
147
147
153
125
138
132
135
120
147
147
133
154
130
127
157
143
152
141
140
129
147
157
141
142
125
148
155
128
152
137
138
153
129
137
137
149
143
152
132
142
151
138
127
151
126
123
144
151
129
132
140
132
132
143
143
131
132
150
123
139
125
136
139
148
139
155
142
159
151
158
127
121
145
156
155
151
140
138
154
133
128
122
148
142
137
124
130
149
159
146
124
154
127
136
131
142
121
121
151
142
125
129
136
135
122
145
120
125
131
123
149
132
149
156
141
137
141
151
131
141
120
148
131
150
121
158
125
156
126
123
140
153
136
148
132
120
120
146
149
156
122
154
158
140
142
154
157
157
159
144
151
120
158
154
133
141
156
126
154
137
146
152
159
137
123
142
148
153
148
134
143
142
157
125
144
121
144
123
138
131
147
147
156
157
149
124
139
151
134
149
131
140
134
121
135
158
145
152
126
125
129
121
128
156
135
139
144
147
154
122
147
126
154
156
132
125
149
150
127
128
128
122
139
135
145
157
134
156
152
159
146
149
127
127
145
148
148
137
136
149
153
142
158
127
156
152
148
148
136
155
141
157
130
157
132
159
155
137
126
125
150
139
123
146
123
141
125
135
153
153
144
126
125
121
122
128
146
148
145
154
136
126
155
132
137
155
153
123
136
158
148
157
131
156
124
146
147
153
146
135
132
121
153
123
138
138
120
121
131
124
149
131
123
135
156
150
139
147
122
131
151
143
131
123
149
121
137
138
134
159
146
153
126
154
124
156
147
132
152
133
148
137
125
130
124
145
121
120
135
125
146
130
140
128
122
153
146
139
151
157
157
150
154
157
141
146
145
131
130
142
122
130
121
143
159
126
130
146
153
149
155
156
129
123
157
120
157
125
149
136
131
145
140
125
149
149
139
132
157
132
157
156
151
137
133
132
151
146
123
156
120
148
138
127
155
153
137
151
158
157
127
138
150
127
133
142
151
141
144
155
141
149
143
158
144
147
150
142
155
141
123
140
120
134
134
143
152
124
159
150
159
139
142
155
134
121
140
124
155
152
153
120
158
134
129
141
158
121
147
144
159
156
122
130
139
124
142
129
155
148
129
133
148
128
142
142
129
134
141
129
158
144
144
132
156
127
132
143
127
137
158
133
120
132
130
138
153
150
140
140
135
157
128
135
122
151
147
143
152
159
137
126
125
147
141
126
149
140
142
137
124
139
126
132
139
133
156
143
153
134
121
159
154
131
149
139
133
159
140
151
153
133
133
152
126
154
137
157
123
136
120
135
147
157
129
129
158
138
146
136
142
153
154
138
124
139
132
126
156
155
130
135
156
154
147
155
147
134
140
131
137
143
159
123
159
155
129
128
154
154
158
157
129
158
135
146
139
141
123
143
156
130
147
153
127
137
139
123
156
123
121
127
157
123
121
149
149
131
139
127
154
153
138
135
151
156
156
150
147
151
152
125
144
151
155
121
129
129
125
157
133
137
150
125
156
147
131
130
122
156
122
131
134
133
157
135
155
149
155
133
144
132
146
142
124
140
140
130
129
125
149
153
129
158
124
122
136
151
152
153
128
128
120
122
128
128
130
129
147
123
151
153
130
157
140
152
123
157
155
148
156
122
128
130
132
151
131
141
137
157
144
139
125
139
124
122
132
120
124
145
127
134
144
144
149
145
151
135
142
149
156
133
149
128
155
135
156
120
127
121
137
143
148
125
147
127
129
123
148
120
159
149
120
148
128
133
133
136
127
140
122
141
142
138
131
155
155
155
142
144
149
140
159
152
125
143
159
149
141
124
121
148
124
140
159
122
136
145
144
152
153
142
134
146
147
125
135
139
155
156
134
154
157
124
148
140
124
124
148
139
143
126
138
155
127
135
155
131
148
145
134
153
149
131
125
146
152
126
125
130
126
140
126
123
159
130
143
133
150
148
137
123
158
159
153
120
142
148
144
149
136
148
146
143
125
126
146
144
153
159
158
157
130
147
140
126
138
120
132
151
122
138
149
133
152
129
137
146
133
155
135
158
145
150
159
134
146
145
120
135
135
130
143
135
154
159
145
133
142
157
157
135
134
135
144
154
147
124
122
127
138
125
135
135
121
134
137
159
142
131
145
139
137
140
138
153
132
131
159
140
137
153
143
154
120
141
157
150
155
122
158
149
151
132
136
124
128
122
156
143
142
145
124
126
156
148
137
131
148
148
121
148
142
137
129
121
147
133
122
144
124
145
156
138
149
142
133
139
151
156
144
141
153
150
138
159
128
145
144
148
125
157
128
134
159
128
129
146
131
139
132
138
150
153
129
120
138
142
120
131
125
147
126
122
140
156
148
136
133
140
159
148
147
148
149
121
120
133
154
122
148
146
152
137
154
131
159
120
132
133
132
131
155
132
154
130
138
126
139
157
125
137
134
148
127
129
146
152
153
137
150
146
159
145
125
122
124
156
157
142
153
143
123
129
159
132
151
153
145
127
158
124
144
153
137
120
155
157
130
122
132
150
129
133
148
154
130
131
131
144
143
125
124
135
136
127
129
155
137
152
138
137
157
123
154
150
149
121
132
140
147
152
126
149
142
148
125
146
121
138
144
149
127
152
157
137
148
120
124
145
121
123
159
146
147
149
155
134
140
150
134
149
142
136
157
121
124
145
142
145
134
126
151
152
156
138
126
129
135
138
124
138
159
151
129
153
159
147
145
151
156
149
157
132
128
136
129
158
122
139
131
120
148
132
125
123
131
141
133
127
144
145
133
123
144
144
142
155
157
146
136
150
132
152
142
154
124
120
153
153
136
144
179
166
178
168
162
191
169
189
166
175
176
181
198
165
161
162
174
170
162
181
185
162
199
193
163
197
190
175
182
197
178
185
192
195
199
161
197
199
197
171
171
166
187
162
174
167
180
175
166
183
170
161
162
187
179
180
190
172
167
169
194
188
198
188
193
167
194
194
194
170
167
171
168
175
188
171
186
162
177
198
161
181
187
174
166
189
184
181
173
171
162
165
175
174
168
192
172
185
167
178
171
193
166
166
174
199
166
191
171
163
167
172
192
168
197
191
176
172
186
162
188
185
174
189
198
193
196
172
190
164
178
189
193
175
189
161
197
172
170
186
197
172
187
166
194
185
195
162
192
182
162
175
191
186
193
196
173
163
169
183
195
190
181
192
168
198
165
186
174
180
193
194
196
189
178
181
192
181
182
185
173
196
188
162
172
169
169
194
178
162
169
165
195
160
188
168
175
194
160
173
190
170
168
192
196
169
180
173
171
187
199
169
165
170
169
197
193
186
175
195
178
171
178
171
175
162
181
160
190
171
177
194
190
161
194
194
196
179
197
187
183
185
171
194
192
163
190
174
170
194
169
184
189
164
199
184
195
191
175
172
169
169
177
190
194
160
189
171
190
161
186
165
160
168
194
163
179
170
193
168
192
163
194
187
176
164
177
172
163
181
170
186
196
175
185
164
177
171
182
187
178
197
169
167
160
174
177
193
174
196
160
192
194
199
165
182
173
188
187
174
183
172
195
196
192
197
198
170
194
192
197
193
170
170
197
189
190
161
175
184
191
173
182
194
178
167
176
162
181
190
179
186
199
185
189
196
160
180
160
162
193
169
179
161
165
179
191
181
174
166
197
179
190
192
174
167
162
178
183
191
190
182
179
188
196
191
187
187
165
163
184
184
170
197
171
184
174
198
198
188
188
167
191
198
184
174
170
193
173
197
197
199
167
164
193
169
194
178
189
184
190
189
181
197
193
188
178
187
176
169
166
164
179
199
188
193
160
182
192
180
178
194
190
187
183
196
171
168
189
164
179
162
172
173
189
186
183
191
176
197
173
165
190
187
183
172
179
187
193
167
184
171
183
172
185
198
163
178
179
187
167
194
180
179
164
184
186
199
189
191
189
166
195
168
199
195
197
199
199
180
196
169
184
186
163
194
192
198
198
179
161
189
187
198
177
181
197
174
179
181
188
163
199
196
195
190
163
188
194
196
192
199
179
174
178
170
165
196
193
190
162
162
166
181
195
177
178
171
182
178
186
183
194
177
165
196
161
188
176
174
179
187
175
166
191
165
165
198
192
181
175
178
182
171
179
182
170
185
181
196
198
198
193
183
188
179
194
187
185
184
185
176
163
163
172
195
172
175
170
172
189
196
173
191
188
199
176
189
179
192
199
183
160
166
196
160
166
182
197
184
190
194
169
181
165
170
162
163
177
180
183
160
196
168
181
197
176
163
182
187
195
185
191
166
195
190
185
182
172
171
179
188
163
196
183
164
181
175
168
167
186
163
191
160
174
166
176
169
167
187
196
171
169
160
188
170
178
172
194
179
181
194
160
177
172
189
169
174
194
185
171
165
168
163
174
194
198
194
182
191
181
166
170
197
162
167
180
171
173
163
171
163
178
183
186
181
184
181
165
182
196
163
191
171
178
187
193
175
195
163
199
168
192
175
173
178
196
177
161
171
173
163
186
160
160
194
178
184
199
169
199
166
164
178
182
194
162
181
196
182
161
196
171
179
171
184
179
190
160
178
164
163
168
162
174
176
181
194
169
195
192
166
197
178
169
198
196
170
173
190
168
189
172
164
163
161
182
192
192
177
177
162
189
190
188
165
162
184
180
199
183
187
168
195
179
178
173
189
172
171
196
182
169
191
166
161
186
175
185
198
176
191
189
197
188
165
164
191
171
191
198
193
170
188
188
187
168
198
197
162
170
194
177
183
191
162
168
162
167
173
190
161
187
185
169
184
187
170
187
172
179
190
192
174
187
194
178
184
186
178
189
162
173
161
182
194
175
163
183
180
174
168
186
194
169
172
174
188
195
170
174
186
172
164
168
166
175
177
162
197
166
163
175
188
196
189
196
169
184
195
179
172
191
165
188
162
188
185
192
193
165
192
196
165
185
167
175
182
174
193
198
168
166
187
169
198
193
166
182
173
182
194
169
160
194
167
173
170
184
164
160
188
165
182
169
182
183
176
168
189
167
180
162
197
178
173
171
193
193
197
192
181
194
190
182
167
191
171
164
191
188
187
179
189
189
186
171
197
198
197
199
180
190
173
190
174
183
179
164
164
196
184
175
169
162
186
181
183
185
187
196
189
167
193
181
172
160
177
170
180
189
199
181
191
184
169
190
181
163
170
184
161
161
160
163
175
172
177
160
169
192
174
181
195
177
169
196
173
187
191
193
160
176
196
162
198
162
183
171
177
179
192
172
176
182
173
197
176
188
163
169
195
197
173
194
191
183
163
185
194
198
164
162
184
178
165
179
187
180
184
183
194
191
198
176
190
182
165
163
185
178
180
180
165
192
178
160
176
162
178
180
161
177
162
190
180
169
163
189
199
176
187
161
166
178
175
183
197
180
189
186
167
181
164
178
194
196
160
162
176
196
196
191
193
189
177
177
189
160
184
173
185
177
170
184
197
193
182
186
199
186
189
171
161
199
176
192
197
197
188
180
187
168
185
192
162
165
174
193
194
160
187
181
193
177
166
195
162
187
179
187
195
192
190
160
160
189
188
195
177
192
196
165
198
168
188
180
183
173
194
181
181
176
169
178
173
174
175
186
160
174
196
161
186
184
161
190
160
162
181
180
184
176
188
165
184
162
175
188
181
191
189
173
199
191
180
164
197
194
197
194
160
185
181
177
171
164
168
178
167
178
183
161
187
194
187
164
177
180
189
182
168
190
191
198
162
195
187
188
188
189
179
192
195
175
170
190
190
162
187
183
196
190
187
198
169
193
177
171
170
175
184
181
194
162
199
197
196
171
193
188
163
181
166
175
170
180
182
198
170
165
166
170
172
175
163
181
188
164
192
180
167
167
173
162
194
168
189
176
192
189
180
176
163
179
180
167
188
175
190
182
188
167
173
198
181
176
175
160
172
177
178
196
173
161
167
198
195
195
197
163
189
179
160
174
171
193
185
195
171
197
184
169
176
193
194
165
171
179
199
182
198
174
194
190
189
184
165
197
184
194
172
198
194
166
161
166
169
176
192
166
183
196
188
178
199
197
188
184
161
175
191
196
163
161
160
187
178
196
187
195
173
160
161
177
174
187
168
179
182
177
190
161
162
192
178
188
187
198
177
177
168
178
184
197
176
182
180
187
171
182
192
189
198
193
172
183
161
164
188
161
193
182
178
194
166
177
160
167
178
193
191
188
193
173
168
198
175
178
178
193
170
173
193
196
162
169
179
170
170
178
180
190
167
165
193
186
180
168
181
171
173
161
194
167
190
197
176
195
193
160
185
190
161
187
181
172
199
167
175
181
178
186
193
197
175
191
188
175
164
197
193
189
169
175
180
176
166
191
170
185
175
178
185
193
186
192
198
194
175
176
191
163
174
195
190
169
194
194
186
178
180
197
176
181
178
184
181
161
186
162
196
190
195
183
175
195
188
178
189
194
198
174
192
172
194
187
161
183
167
167
181
184
169
166
168
170
187
175
183
180
185
161
163
165
190
199
163
160
183
164
186
180
175
161
184
198
178
164
165
164
175
188
196
182
164
161
193
174
173
172
194
165
173
187
167
196
198
196
182
171
194
175
163
180
190
175
198
180
173
198
190
183
190
172
172
163
199
185
166
192
194
183
181
172
164
179
167
170
197
168
168
188
193
193
195
197
183
194
183
165
182
191
183
179
185
181
178
167
183
166
194
173
160
174
196
187
190
180
199
179
182
173
180
171
183
183
177
177
172
197
182
164
191
161
184
161
177
181
167
190
193
190
182
168
175
160
173
162
184
161
168
160
168
183
184
180
196
186
164
191
192
190
187
198
196
172
187
185
170
178
163
172
199
183
191
190
195
160
178
169
171
165
186
171
178
167
180
190
180
178
173
172
172
174
183
191
171
196
187
184
173
197
165
190
183
179
168
164
191
177
178
164
160
187
171
180
190
171
165
167
181
167
171
177
198
193
176
195
186
180
164
169
170
194
165
196
190
189
185
164
173
162
194
178
184
176
184
162
182
199
164
191
171
186
163
165
164
192
170
176
195
179
169
189
182
175
166
176
177
199
164
170
195
189
178
193
178
180
192
171
185
199
163
199
195
193
192
188
184
170
178
198
176
175
168
168
187
165
160
162
163
192
198
180
194
192
190
162
175
165
181
192
165
181
197
162
186
161
187
166
190
160
172
182
168
193
189
191
180
195
174
188
187
196
198
181
181
190
172
178
166
172
186
171
175
170
191
163
183
178
168
199
185
176
167
170
183
175
175
183
194
167
188
177
198
198
188
184
187
187
178
165
175
168
190
190
186
185
190
169
171
166
192
189
191
183
176
198
188
169
185
185
175
193
160
195
166
186
169
