4657|4657
8233|8233
8395|8395
582|582
1643|1643
8634|8634
5645|5645
9236|9236
1564|1564
4621|4621
7098|7098
7114|7114
5090|5090
6267|6267
3352|3352
8965|8965
4045|4045
4507|4507
5085|5085
4551|4551
8002|8002
9157|9157
8687|8687
6284|6284
9183|9183
6219|6219
196|196
5879|5879
3040|3040
681|681
3313|3313
20|20
5945|5945
535|535
9831|9831
389|389
2043|2043
5405|5405
3907|3907
8316|8316
9312|9312
1921|1921
5310|5310
6331|6331
5564|5564
6741|6741
4877|4877
8993|8993
9533|9533
9013|9013
5855|5855
4146|4146
5104|5104
7058|7058
8802|8802
4535|4535
9683|9683
1766|1766
6500|6500
8377|8377
4687|4687
428|428
7822|7822
637|637
739|739
6797|6797
3570|3570
5939|5939
2495|2495
5858|5858
1614|1614
4202|4202
5579|5579
9268|9268
2299|2299
5107|5107
2325|2325
4398|4398
8171|8171
1508|1508
3525|3525
4405|4405
509|509
2872|2872
8194|8194
1735|1735
769|769
7943|7943
7380|7380
4229|4229
5720|5720
4587|4587
9347|9347
3716|3716
3479|3479
4868|4868
6186|6186
3506|3506
3140|3140
7641|7641
5916|5916
492|492
1213|1213
8789|8789
2531|2531
2476|2476
1344|1344
6144|6144
5782|5782
2643|2643
4189|4189
8441|8441
677|677
4150|4150
2084|2084
7362|7362
483|483
9537|9537
5873|5873
4886|4886
7542|7542
851|851
720|720
3442|3442
2489|2489
6060|6060
1879|1879
656|656
9156|9156
6777|6777
3467|3467
6690|6690
3334|3334
1444|1444
5194|5194
4246|4246
3229|3229
8963|8963
7609|7609
4136|4136
6479|6479
2545|2545
9505|9505
5802|5802
2265|2265
8334|8334
2761|2761
5219|5219
1146|1146
5894|5894
2520|2520
174|174
2382|2382
1311|1311
336|336
9074|9074
2722|2722
5368|5368
3725|3725
670|670
6954|6954
5559|5559
3936|3936
6963|6963
2010|2010
9345|9345
8021|8021
1494|1494
489|489
3630|3630
8368|8368
4297|4297
1881|1881
9238|9238
7550|7550
3550|3550
9742|9742
2181|2181
1112|1112
9849|9849
6944|6944
6321|6321
9621|9621
143|143
5969|5969
493|493
6028|6028
5248|5248
1121|1121
3864|3864
1982|1982
8527|8527
1655|1655
1731|1731
6354|6354
8769|8769
1293|1293
6473|6473
1698|1698
6084|6084
4320|4320
9851|9851
5804|5804
816|816
5322|5322
6941|6941
797|797
9084|9084
7815|7815
3626|3626
4346|4346
4620|4620
6323|6323
9173|9173
9382|9382
9684|9684
9080|9080
2469|2469
7959|7959
8585|8585
821|821
7636|7636
527|527
2694|2694
8499|8499
3494|3494
7308|7308
7216|7216
6338|6338
2053|2053
3319|3319
2593|2593
692|692
3171|3171
6819|6819
6961|6961
8221|8221
9385|9385
1356|1356
9796|9796
5257|5257
1266|1266
9788|9788
5767|5767
698|698
2763|2763
2823|2823
539|539
1565|1565
9705|9705
9501|9501
385|385
4864|4864
845|845
231|231
7049|7049
2453|2453
4799|4799
5660|5660
6911|6911
9805|9805
9200|9200
4328|4328
5864|5864
8135|8135
5487|5487
1974|1974
4094|4094
4321|4321
8433|8433
664|664
3049|3049
4243|4243
3280|3280
1495|1495
2037|2037
7157|7157
4691|4691
2202|2202
3123|3123
9507|9507
7494|7494
7147|7147
6632|6632
215|215
2995|2995
5766|5766
501|501
1143|1143
4775|4775
3405|3405
3292|3292
4830|4830
2451|2451
6236|6236
3803|3803
3721|3721
7812|7812
6970|6970
6234|6234
6994|6994
9166|9166
1068|1068
3291|3291
2738|2738
4025|4025
5390|5390
4148|4148
8701|8701
6426|6426
3095|3095
3015|3015
5610|5610
2943|2943
9972|9972
6837|6837
5215|5215
2285|2285
2060|2060
2804|2804
8366|8366
508|508
3638|3638
7318|7318
7837|7837
2168|2168
35|35
5251|5251
3898|3898
3842|3842
1692|1692
1319|1319
8109|8109
1988|1988
8203|8203
8347|8347
5657|5657
8341|8341
1093|1093
3364|3364
6111|6111
724|724
4652|4652
4462|4462
478|478
7917|7917
4860|4860
6525|6525
7540|7540
9844|9844
4037|4037
5323|5323
6967|6967
6710|6710
8593|8593
2066|2066
9196|9196
813|813
6212|6212
7662|7662
6631|6631
6261|6261
5702|5702
7450|7450
8266|8266
6723|6723
8610|8610
1465|1465
1003|1003
7656|7656
6215|6215
5956|5956
5256|5256
7443|7443
7001|7001
9618|9618
2664|2664
7116|7116
7714|7714
1545|1545
9549|9549
3314|3314
6056|6056
3503|3503
5147|5147
8394|8394
956|956
3129|3129
8755|8755
6299|6299
8298|8298
6851|6851
1448|1448
7846|7846
1951|1951
8973|8973
4748|4748
3933|3933
7284|7284
9999|9999
6693|6693
5236|5236
9160|9160
9757|9757
727|727
2741|2741
5718|5718
4782|4782
8748|8748
7787|7787
3917|3917
9049|9049
9434|9434
70|70
9826|9826
3993|3993
666|666
1307|1307
7424|7424
3137|3137
9717|9717
6613|6613
2874|2874
3127|3127
2752|2752
7623|7623
1778|1778
6880|6880
4298|4298
3517|3517
6439|6439
8534|8534
1954|1954
7345|7345
4875|4875
401|401
689|689
8781|8781
610|610
4838|4838
1032|1032
5980|5980
881|881
6080|6080
2372|2372
9476|9476
9422|9422
1572|1572
6413|6413
4264|4264
5513|5513
1671|1671
8679|8679
8731|8731
3164|3164
6832|6832
253|253
7830|7830
8174|8174
353|353
9023|9023
420|420
9802|9802
9538|9538
6884|6884
9915|9915
6840|6840
3749|3749
5014|5014
8622|8622
8148|8148
6379|6379
8508|8508
5877|5877
6374|6374
6999|6999
3380|3380
7588|7588
1592|1592
1177|1177
6532|6532
3824|3824
1417|1417
9780|9780
6736|6736
5759|5759
1275|1275
7670|7670
2261|2261
6793|6793
7409|7409
5960|5960
8459|8459
6311|6311
560|560
6032|6032
1960|1960
3735|3735
5670|5670
2394|2394
8584|8584
5221|5221
1014|1014
4182|4182
1251|1251
1336|1336
1681|1681
7672|7672
475|475
2393|2393
2594|2594
2771|2771
5812|5812
9687|9687
8318|8318
9773|9773
4174|4174
1054|1054
8816|8816
4140|4140
5165|5165
2303|2303
2042|2042
6116|6116
9702|9702
2160|2160
8946|8946
503|503
5799|5799
7708|7708
2542|2542
4719|4719
6858|6858
3407|3407
1468|1468
6594|6594
1373|1373
7661|7661
1154|1154
6702|6702
213|213
6290|6290
309|309
9614|9614
7902|7902
4831|4831
6909|6909
7900|7900
906|906
4608|4608
3521|3521
7872|7872
1822|1822
7796|7796
5373|5373
8746|8746
6696|6696
8754|8754
4223|4223
8255|8255
1633|1633
1428|1428
8758|8758
3324|3324
7650|7650
5449|5449
874|874
9301|9301
9895|9895
6314|6314
7402|7402
4986|4986
6959|6959
9760|9760
2697|2697
3979|3979
8657|8657
7535|7535
5163|5163
1502|1502
6806|6806
5188|5188
9292|9292
3483|3483
5109|5109
7036|7036
274|274
1414|1414
4721|4721
8435|8435
1940|1940
1770|1770
652|652
6016|6016
7412|7412
2293|2293
4378|4378
8108|8108
2449|2449
4964|4964
1482|1482
968|968
4005|4005
1506|1506
3072|3072
5049|5049
8494|8494
8382|8382
8432|8432
277|277
5705|5705
2074|2074
3660|3660
7064|7064
2580|2580
3651|3651
2978|2978
4365|4365
6170|6170
3436|3436
4672|4672
43|43
3180|3180
1388|1388
8989|8989
6489|6489
9650|9650
2556|2556
5593|5593
6718|6718
3768|3768
8356|8356
4149|4149
8886|8886
7320|7320
2164|2164
349|349
904|904
7991|7991
9541|9541
5182|5182
2924|2924
1806|1806
8337|8337
3856|3856
907|907
3652|3652
8611|8611
1151|1151
978|978
6039|6039
2538|2538
9975|9975
4636|4636
3542|3542
4397|4397
715|715
3167|3167
3200|3200
8783|8783
3625|3625
8549|8549
1439|1439
5476|5476
4749|4749
5087|5087
3274|3274
2370|2370
137|137
7605|7605
5244|5244
5120|5120
2800|2800
2539|2539
8888|8888
9324|9324
9144|9144
4485|4485
9599|9599
8059|8059
1252|1252
3033|3033
8821|8821
542|542
7875|7875
7694|7694
8903|8903
9309|9309
6366|6366
7981|7981
9463|9463
8339|8339
3739|3739
8514|8514
2774|2774
2170|2170
6055|6055
4383|4383
1264|1264
9263|9263
3278|3278
9612|9612
4489|4489
1882|1882
1429|1429
9224|9224
746|746
524|524
3756|3756
6359|6359
40|40
4980|4980
5678|5678
7484|7484
1756|1756
7805|7805
8209|8209
9807|9807
1653|1653
4624|4624
6257|6257
6232|6232
1795|1795
7445|7445
7102|7102
707|707
5740|5740
1959|1959
3210|3210
8028|8028
2224|2224
5571|5571
1933|1933
7973|7973
6276|6276
8138|8138
6009|6009
8401|8401
7037|7037
8688|8688
4125|4125
9843|9843
3418|3418
4509|4509
3757|3757
5208|5208
2918|2918
4414|4414
8250|8250
3173|3173
2091|2091
6539|6539
2487|2487
4190|4190
7146|7146
4408|4408
4800|4800
9641|9641
7134|7134
8974|8974
7944|7944
282|282
6288|6288
6928|6928
3360|3360
5885|5885
6272|6272
6109|6109
1347|1347
9622|9622
427|427
867|867
1401|1401
279|279
3316|3316
5912|5912
3177|3177
6378|6378
6925|6925
9260|9260
9293|9293
2192|2192
5690|5690
7572|7572
1422|1422
2783|2783
5714|5714
1865|1865
3687|3687
6190|6190
4951|4951
6796|6796
2023|2023
8771|8771
4299|4299
938|938
452|452
8399|8399
7733|7733
9654|9654
7927|7927
1706|1706
7860|7860
6691|6691
3653|3653
4851|4851
188|188
3335|3335
9296|9296
9305|9305
3670|3670
1210|1210
264|264
2812|2812
3748|3748
9007|9007
4388|4388
8294|8294
2395|2395
2123|2123
1523|1523
3409|3409
8039|8039
6917|6917
5581|5581
3053|3053
4443|4443
8136|8136
8884|8884
5160|5160
819|819
4085|4085
2315|2315
169|169
4100|4100
1407|1407
6369|6369
2746|2746
7266|7266
7141|7141
4506|4506
7016|7016
1000|1000
1662|1662
7730|7730
8282|8282
9464|9464
7427|7427
7208|7208
2024|2024
2919|2919
9038|9038
4643|4643
8054|8054
734|734
7286|7286
7256|7256
7599|7599
3201|3201
3397|3397
8843|8843
8412|8412
1424|1424
1673|1673
3994|3994
7957|7957
2883|2883
4879|4879
674|674
4917|4917
154|154
4302|4302
4686|4686
1529|1529
6933|6933
9187|9187
6566|6566
772|772
3231|3231
2426|2426
6730|6730
9542|9542
2760|2760
4616|4616
7043|7043
4656|4656
8390|8390
6871|6871
1179|1179
57|57
9536|9536
3315|3315
7410|7410
5166|5166
5693|5693
8696|8696
4932|4932
6078|6078
9117|9117
1824|1824
686|686
7903|7903
2615|2615
4798|4798
4498|4498
2281|2281
7203|7203
7584|7584
942|942
4577|4577
3025|3025
8702|8702
7136|7136
9514|9514
4732|4732
4504|4504
7798|7798
230|230
7901|7901
1617|1617
5983|5983
2571|2571
1575|1575
6341|6341
7193|7193
3156|3156
5591|5591
2126|2126
4198|4198
9099|9099
8562|8562
9377|9377
561|561
6165|6165
5041|5041
8512|8512
9052|9052
7736|7736
9811|9811
3186|3186
530|530
6465|6465
4478|4478
5528|5528
2748|2748
1938|1938
691|691
3672|3672
8827|8827
6556|6556
7871|7871
6073|6073
1327|1327
9477|9477
2523|2523
7639|7639
8315|8315
50|50
3678|3678
8941|8941
9544|9544
4696|4696
9905|9905
3817|3817
6568|6568
6776|6776
7720|7720
6893|6893
1641|1641
9969|9969
8075|8075
9864|9864
7330|7330
7740|7740
9092|9092
9961|9961
4558|4558
6361|6361
642|642
6867|6867
2639|2639
362|362
1876|1876
9130|9130
2578|2578
7189|7189
2671|2671
1525|1525
7808|7808
202|202
6759|6759
6430|6430
5097|5097
5533|5533
3579|3579
9480|9480
4584|4584
3147|3147
4677|4677
9546|9546
2036|2036
7279|7279
7206|7206
7360|7360
705|705
1006|1006
5600|5600
5658|5658
1851|1851
8583|8583
95|95
1191|1191
5998|5998
8625|8625
8893|8893
9005|9005
2200|2200
3706|3706
6830|6830
5234|5234
3815|3815
9759|9759
3954|3954
3224|3224
1128|1128
2555|2555
7486|7486
4781|4781
6300|6300
7309|7309
8915|8915
7218|7218
3410|3410
6843|6843
6744|6744
518|518
1648|1648
2480|2480
2392|2392
9957|9957
9392|9392
8444|8444
3337|3337
3616|3616
7219|7219
2651|2651
6760|6760
9651|9651
6569|6569
227|227
1165|1165
8272|8272
9924|9924
694|694
4550|4550
7786|7786
6667|6667
1420|1420
8533|8533
1560|1560
9527|9527
9042|9042
8473|8473
1004|1004
1725|1725
6420|6420
2605|2605
2957|2957
4803|4803
7593|7593
6443|6443
9136|9136
4490|4490
5462|5462
8277|8277
1182|1182
1787|1787
9441|9441
8911|8911
337|337
9341|9341
121|121
9625|9625
6188|6188
7370|7370
5218|5218
5611|5611
4681|4681
661|661
1183|1183
4026|4026
5609|5609
8912|8912
4961|4961
9469|9469
300|300
9361|9361
2675|2675
8249|8249
8826|8826
9734|9734
4284|4284
8988|8988
7608|7608
4416|4416
6074|6074
2662|2662
9857|9857
9971|9971
1800|1800
4067|4067
355|355
8214|8214
140|140
6811|6811
7186|7186
781|781
3029|3029
361|361
6043|6043
7722|7722
1174|1174
9745|9745
5634|5634
5059|5059
9425|9425
8682|8682
5475|5475
6908|6908
4073|4073
5635|5635
8581|8581
1387|1387
1594|1594
9206|9206
4540|4540
8103|8103
9774|9774
268|268
4755|4755
9677|9677
5691|5691
7035|7035
5937|5937
2566|2566
8601|8601
1937|1937
2163|2163
19|19
9000|9000
7432|7432
6113|6113
1986|1986
1758|1758
9249|9249
1212|1212
3938|3938
6986|6986
297|297
626|626
1693|1693
5447|5447
6250|6250
2419|2419
6869|6869
2241|2241
1741|1741
1904|1904
6991|6991
9277|9277
3554|3554
144|144
2490|2490
3577|3577
5889|5889
5603|5603
4487|4487
3184|3184
8162|8162
7914|7914
8545|8545
6678|6678
8566|8566
5668|5668
5981|5981
7243|7243
1555|1555
445|445
8283|8283
1026|1026
2090|2090
8752|8752
4399|4399
8149|8149
5276|5276
5798|5798
5508|5508
8749|8749
7162|7162
1840|1840
315|315
1099|1099
7377|7377
7533|7533
7549|7549
6451|6451
9024|9024
7768|7768
3940|3940
4547|4547
9771|9771
7101|7101
2376|2376
2442|2442
8195|8195
1453|1453
9623|9623
7280|7280
5801|5801
4181|4181
7373|7373
9628|9628
5926|5926
2364|2364
5376|5376
4702|4702
2039|2039
2140|2140
49|49
4508|4508
7731|7731
4079|4079
5831|5831
3241|3241
5414|5414
8131|8131
128|128
2214|2214
3065|3065
263|263
2846|2846
8787|8787
1769|1769
8447|8447
1242|1242
7851|7851
7440|7440
5578|5578
8909|8909
8805|8805
4347|4347
4103|4103
9751|9751
2841|2841
1669|1669
5482|5482
8691|8691
5925|5925
2457|2457
7886|7886
7244|7244
3776|3776
9984|9984
2373|2373
2732|2732
6689|6689
6841|6841
1011|1011
6782|6782
6301|6301
5972|5972
2162|2162
2107|2107
2363|2363
9981|9981
2284|2284
6927|6927
5409|5409
6918|6918
5896|5896
2514|2514
9371|9371
135|135
8525|8525
2222|2222
4685|4685
8980|8980
7209|7209
7336|7336
2977|2977
5437|5437
2962|2962
2149|2149
6316|6316
9355|9355
3302|3302
1684|1684
7529|7529
7854|7854
5845|5845
1774|1774
1370|1370
5229|5229
8137|8137
5667|5667
319|319
1972|1972
8076|8076
2124|2124
8934|8934
1247|1247
6090|6090
3372|3372
4031|4031
9346|9346
4913|4913
6849|6849
9106|9106
4471|4471
8505|8505
161|161
4353|4353
9108|9108
6656|6656
4855|4855
8225|8225
1931|1931
8060|8060
7187|7187
1199|1199
1755|1755
1137|1137
7870|7870
1152|1152
5453|5453
6531|6531
1898|1898
675|675
8709|8709
8929|8929
91|91
8518|8518
9164|9164
1532|1532
5728|5728
4575|4575
9281|9281
5654|5654
3300|3300
298|298
3647|3647
5028|5028
8049|8049
5254|5254
6247|6247
4205|4205
8222|8222
447|447
3956|3956
6178|6178
2493|2493
2002|2002
5161|5161
368|368
2058|2058
7934|7934
2860|2860
7839|7839
5260|5260
870|870
8139|8139
9008|9008
7963|7963
4032|4032
8627|8627
2353|2353
1413|1413
4772|4772
250|250
614|614
569|569
6715|6715
585|585
6249|6249
3020|3020
5000|5000
9906|9906
449|449
7977|7977
3574|3574
8582|8582
2249|2249
7880|7880
6304|6304
9359|9359
2586|2586
4817|4817
6494|6494
1674|1674
6761|6761
7358|7358
7263|7263
1716|1716
3236|3236
6011|6011
2418|2418
1520|1520
1600|1600
3142|3142
2102|2102
4914|4914
4694|4694
9994|9994
3948|3948
6628|6628
5606|5606
3819|3819
7791|7791
3398|3398
1504|1504
5663|5663
5832|5832
6148|6148
1012|1012
8275|8275
1773|1773
3534|3534
5854|5854
1403|1403
9455|9455
4137|4137
472|472
6645|6645
13|13
6347|6347
3623|3623
8034|8034
168|168
4024|4024
1700|1700
3929|3929
5902|5902
7816|7816
2161|2161
8740|8740
1894|1894
1411|1411
2379|2379
6922|6922
3538|3538
2011|2011
4869|4869
3822|3822
6277|6277
2779|2779
2865|2865
2787|2787
5938|5938
8969|8969
9381|9381
7117|7117
3271|3271
1890|1890
3733|3733
1326|1326
4295|4295
2640|2640
8644|8644
1666|1666
8873|8873
6932|6932
5149|5149
3821|3821
7626|7626
7017|7017
5607|5607
755|755
6283|6283
7712|7712
1574|1574
7233|7233
6046|6046
4935|4935
6496|6496
7757|7757
5347|5347
5315|5315
8572|8572
1505|1505
5929|5929
6771|6771
1743|1743
3715|3715
8464|8464
5083|5083
5499|5499
8883|8883
8213|8213
170|170
3174|3174
7403|7403
7076|7076
1467|1467
9079|9079
2277|2277
9535|9535
5580|5580
1063|1063
412|412
6845|6845
4788|4788
3285|3285
5773|5773
4829|4829
8025|8025
9830|9830
4224|4224
8260|8260
191|191
6971|6971
506|506
8286|8286
6034|6034
3553|3553
9547|9547
4651|4651
9856|9856
685|685
3008|3008
1850|1850
8062|8062
8733|8733
7956|7956
3619|3619
6542|6542
5761|5761
2954|2954
7159|7159
6550|6550
1109|1109
7231|7231
9942|9942
5881|5881
8829|8829
4008|4008
6469|6469
1481|1481
9749|9749
1647|1647
1117|1117
8009|8009
4016|4016
1355|1355
432|432
6083|6083
6614|6614
931|931
3309|3309
2596|2596
1888|1888
3572|3572
7922|7922
7087|7087
1055|1055
6141|6141
5159|5159
132|132
3118|3118
39|39
8184|8184
6966|6966
5062|5062
441|441
9037|9037
7038|7038
3255|3255
4216|4216
6789|6789
7338|7338
106|106
3988|3988
8167|8167
6664|6664
4503|4503
6021|6021
9328|9328
2491|2491
4861|4861
8385|8385
7978|7978
655|655
7885|7885
1133|1133
3908|3908
5827|5827
7332|7332
9785|9785
3257|3257
2072|2072
7975|7975
54|54
9597|9597
498|498
4600|4600
4159|4159
5756|5756
5259|5259
3873|3873
429|429
6637|6637
8219|8219
3039|3039
390|390
5856|5856
928|928
6006|6006
3151|3151
9244|9244
2553|2553
2080|2080
2367|2367
7369|7369
2400|2400
9921|9921
4053|4053
5140|5140
4208|4208
9787|9787
4309|4309
1050|1050
283|283
588|588
7589|7589
808|808
4921|4921
1880|1880
4429|4429
1250|1250
3785|3785
9243|9243
5392|5392
3247|3247
9504|9504
6521|6521
1836|1836
1897|1897
2425|2425
7503|7503
1860|1860
9725|9725
6522|6522
6096|6096
4314|4314
3688|3688
7459|7459
5416|5416
8640|8640
1584|1584
334|334
3946|3946
8856|8856
9213|9213
71|71
4873|4873
1224|1224
1627|1627
4433|4433
1711|1711
7747|7747
7766|7766
3932|3932
7883|7883
6183|6183
9280|9280
5192|5192
1017|1017
1833|1833
7386|7386
8558|8558
6110|6110
2649|2649
7133|7133
1503|1503
1078|1078
4876|4876
1260|1260
86|86
4668|4668
3965|3965
3197|3197
4837|4837
2653|2653
9127|9127
5612|5612
2973|2973
5111|5111
3187|3187
3905|3905
6213|6213
2589|2589
5105|5105
5316|5316
9496|9496
1621|1621
2775|2775
3128|3128
8546|8546
4171|4171
7294|7294
1749|1749
2543|2543
7725|7725
1166|1166
6282|6282
2532|2532
8067|8067
4316|4316
7521|7521
5680|5680
1576|1576
2257|2257
1125|1125
9800|9800
5847|5847
6118|6118
5906|5906
7250|7250
4279|4279
8113|8113
5348|5348
836|836
1106|1106
9772|9772
9189|9189
8463|8463
9437|9437
4818|4818
1222|1222
6615|6615
1868|1868
5899|5899
9494|9494
3649|3649
7937|7937
6395|6395
1410|1410
3669|3669
1595|1595
6320|6320
5441|5441
1341|1341
2963|2963
9739|9739
2073|2073
3976|3976
2684|2684
212|212
4191|4191
5341|5341
3155|3155
6587|6587
5425|5425
2319|2319
9316|9316
4373|4373
8362|8362
3298|3298
2724|2724
4395|4395
728|728
1531|1531
3112|3112
2873|2873
2430|2430
4047|4047
2753|2753
8313|8313
8391|8391
1386|1386
8270|8270
6478|6478
4667|4667
7643|7643
8617|8617
8114|8114
2194|2194
4039|4039
4701|4701
1511|1511
5426|5426
5904|5904
2423|2423
7145|7145
5403|5403
7167|7167
123|123
7413|7413
2568|2568
8020|8020
7515|7515
9710|9710
1288|1288
9839|9839
2027|2027
4947|4947
7744|7744
9171|9171
3045|3045
1616|1616
1748|1748
5484|5484
3730|3730
7938|7938
7628|7628
8524|8524
9287|9287
4905|4905
1867|1867
8145|8145
5313|5313
366|366
7253|7253
7629|7629
7702|7702
6738|6738
5355|5355
4225|4225
3004|3004
2262|2262
383|383
382|382
9616|9616
6400|6400
6846|6846
2597|2597
8689|8689
4123|4123
4027|4027
4878|4878
5401|5401
6926|6926
6565|6565
9824|9824
826|826
1901|1901
9832|9832
105|105
8389|8389
2223|2223
5795|5795
4277|4277
7158|7158
2944|2944
5235|5235
7836|7836
8599|8599
860|860
3968|3968
2258|2258
2099|2099
1230|1230
9195|9195
5523|5523
8732|8732
9048|9048
6077|6077
98|98
1400|1400
7082|7082
771|771
634|634
2735|2735
6495|6495
9376|9376
4736|4736
9784|9784
6205|6205
8924|8924
6051|6051
6363|6363
7385|7385
9412|9412
9841|9841
9192|9192
5531|5531
4261|4261
961|961
3758|3758
5088|5088
9500|9500
8166|8166
5400|5400
1405|1405
546|546
1992|1992
7651|7651
8605|8605
7776|7776
1689|1689
4863|4863
5703|5703
3119|3119
1710|1710
930|930
3639|3639
453|453
5369|5369
1299|1299
5770|5770
4512|4512
460|460
2358|2358
6446|6446
5913|5913
4555|4555
4168|4168
971|971
2191|2191
6899|6899
1472|1472
1813|1813
4937|4937
9416|9416
9862|9862
5753|5753
8629|8629
5950|5950
2267|2267
2693|2693
9332|9332
4126|4126
3718|3718
4156|4156
2120|2120
3795|3795
8019|8019
911|911
6417|6417
6946|6946
1033|1033
8994|8994
2417|2417
4102|4102
9077|9077
7052|7052
8958|8958
5989|5989
4988|4988
5272|5272
600|600
3304|3304
2887|2887
9403|9403
2219|2219
8080|8080
4283|4283
6888|6888
3213|3213
9983|9983
5752|5752
5744|5744
3378|3378
7246|7246
5055|5055
7289|7289
5232|5232
3584|3584
6182|6182
2852|2852
3001|3001
2496|2496
3047|3047
6786|6786
7009|7009
3529|3529
3575|3575
5671|5671
2521|2521
7439|7439
8223|8223
4260|4260
2061|2061
5335|5335
8193|8193
4802|4802
747|747
4214|4214
5807|5807
2889|2889
1672|1672
2505|2505
7982|7982
6497|6497
6509|6509
3832|3832
3341|3341
1062|1062
9016|9016
1059|1059
7109|7109
9459|9459
5467|5467
6172|6172
7456|7456
1957|1957
9769|9769
3831|3831
1487|1487
3959|3959
2547|2547
6204|6204
1924|1924
5842|5842
7640|7640
9152|9152
5381|5381
8956|8956
5975|5975
2905|2905
7405|7405
2788|2788
8376|8376
9608|9608
8692|8692
4826|4826
7376|7376
7118|7118
4029|4029
2413|2413
2229|2229
9057|9057
4716|4716
3957|3957
4244|4244
8922|8922
2877|2877
5363|5363
2526|2526
9574|9574
6139|6139
6965|6965
880|880
4778|4778
1556|1556
8899|8899
7810|7810
7223|7223
3322|3322
8540|8540
8287|8287
2625|2625
2173|2173
7154|7154
653|653
3867|3867
3265|3265
6700|6700
1649|1649
3090|3090
6698|6698
7821|7821
1480|1480
3702|3702
3692|3692
890|890
1645|1645
5106|5106
1934|1934
7013|7013
4327|4327
7940|7940
7271|7271
3964|3964
2144|2144
3144|3144
3971|3971
1547|1547
5112|5112
6492|6492
8173|8173
7252|7252
2795|2795
6123|6123
1900|1900
952|952
7239|7239
8943|8943
5292|5292
1361|1361
5751|5751
7015|7015
310|310
6296|6296
9222|9222
7034|7034
2821|2821
9579|9579
3573|3573
2005|2005
3464|3464
7848|7848
2302|2302
3797|3797
6498|6498
889|889
3433|3433
8814|8814
3310|3310
6286|6286
552|552
7293|7293
8982|8982
6135|6135
3893|3893
7227|7227
4235|4235
9822|9822
9055|9055
6828|6828
6810|6810
7168|7168
9170|9170
5813|5813
3729|3729
4386|4386
9481|9481
3012|3012
6688|6688
7703|7703
5455|5455
4915|4915
2655|2655
9881|9881
4013|4013
2371|2371
502|502
2743|2743
4960|4960
8944|8944
5490|5490
1024|1024
528|528
7300|7300
3413|3413
3350|3350
6402|6402
3219|3219
434|434
2079|2079
6903|6903
7980|7980
3779|3779
1043|1043
617|617
8991|8991
8676|8676
7192|7192
8454|8454
4953|4953
8724|8724
6185|6185
7138|7138
2375|2375
9387|9387
7024|7024
5525|5525
4906|4906
4602|4602
2295|2295
7232|7232
8119|8119
2175|2175
9409|9409
4193|4193
6919|6919
2071|2071
9242|9242
8597|8597
9059|9059
5199|5199
6956|6956
171|171
7541|7541
5102|5102
4594|4594
8378|8378
662|662
9193|9193
2665|2665
8330|8330
1593|1593
7400|7400
8738|8738
5978|5978
9479|9479
2689|2689
4949|4949
4420|4420
8005|8005
876|876
4088|4088
2301|2301
9014|9014
1826|1826
5628|5628
7046|7046
1895|1895
4752|4752
1457|1457
7411|7411
4825|4825
758|758
6865|6865
3928|3928
6915|6915
352|352
5883|5883
139|139
8364|8364
4219|4219
5633|5633
8790|8790
9866|9866
534|534
9350|9350
4607|4607
9604|9604
9951|9951
787|787
292|292
4185|4185
370|370
3052|3052
8577|8577
9880|9880
7315|7315
7857|7857
4018|4018
6069|6069
1549|1549
8274|8274
9407|9407
8908|8908
4020|4020
5514|5514
74|74
3569|3569
6510|6510
1738|1738
4111|4111
3741|3741
8351|8351
1310|1310
1378|1378
7331|7331
6270|6270
3564|3564
4072|4072
1382|1382
5264|5264
5632|5632
6227|6227
2950|2950
9747|9747
4846|4846
2230|2230
325|325
5069|5069
9850|9850
5496|5496
5198|5198
4488|4488
8061|8061
8815|8815
4957|4957
5719|5719
6189|6189
2118|2118
9777|9777
8079|8079
3303|3303
4362|4362
1315|1315
4165|4165
3269|3269
4901|4901
820|820
7553|7553
7923|7923
1194|1194
5849|5849
2333|2333
1675|1675
6187|6187
9339|9339
511|511
1202|1202
5019|5019
9515|9515
8324|8324
7446|7446
1197|1197
504|504
1215|1215
1005|1005
5250|5250
47|47
1019|1019
6210|6210
9985|9985
7165|7165
1138|1138
7257|7257
1105|1105
3384|3384
5511|5511
6444|6444
9578|9578
7728|7728
3507|3507
538|538
6604|6604
1816|1816
9580|9580
9027|9027
1393|1393
1885|1885
5997|5997
4574|4574
1927|1927
9457|9457
6029|6029
4884|4884
9639|9639
5379|5379
7976|7976
8332|8332
4010|4010
7941|7941
5590|5590
7375|7375
6169|6169
536|536
6269|6269
6945|6945
3038|3038
3707|3707
5119|5119
1794|1794
2809|2809
5261|5261
7974|7974
811|811
7151|7151
5029|5029
8879|8879
682|682
2153|2153
3354|3354
1332|1332
3509|3509
7048|7048
5164|5164
9886|9886
5502|5502
4329|4329
7291|7291
8663|8663
6291|6291
9021|9021
3783|3783
8532|8532
7011|7011
5290|5290
8983|8983
4680|4680
8126|8126
5909|5909
7715|7715
753|753
8153|8153
8096|8096
5589|5589
8714|8714
473|473
2246|2246
1786|1786
2793|2793
6660|6660
306|306
4843|4843
7964|7964
6701|6701
5986|5986
7458|7458
1832|1832
9383|9383
189|189
4560|4560
1272|1272
5201|5201
7548|7548
7764|7764
9860|9860
5399|5399
1973|1973
2674|2674
6031|6031
4910|4910
6130|6130
1703|1703
7215|7215
1923|1923
4379|4379
2933|2933
6253|6253
4095|4095
5070|5070
7866|7866
5116|5116
8383|8383
601|601
8118|8118
7818|7818
6602|6602
7230|7230
4634|4634
9713|9713
962|962
927|927
2390|2390
5641|5641
1753|1753
5228|5228
7986|7986
5614|5614
4002|4002
7849|7849
6607|6607
5133|5133
6905|6905
5386|5386
6527|6527
5150|5150
7559|7559
4765|4765
9937|9937
7590|7590
7891|7891
564|564
8438|8438
4622|4622
7078|7078
6707|6707
4028|4028
1869|1869
138|138
4122|4122
6923|6923
9846|9846
6457|6457
8479|8479
8050|8050
3431|3431
8598|8598
4718|4718
6818|6818
7030|7030
4436|4436
9002|9002
1243|1243
8633|8633
5170|5170
9178|9178
4423|4423
8352|8352
1281|1281
5333|5333
9790|9790
2026|2026
7644|7644
5056|5056
3031|3031
1306|1306
776|776
2817|2817
9875|9875
2500|2500
8995|8995
9724|9724
516|516
1181|1181
6298|6298
5268|5268
8111|8111
6012|6012
7889|7889
1324|1324
8085|8085
2756|2756
3168|3168
3912|3912
302|302
5495|5495
6826|6826
4278|4278
1297|1297
4004|4004
823|823
905|905
6584|6584
3808|3808
6708|6708
8265|8265
9150|9150
5779|5779
4977|4977
5009|5009
1123|1123
5965|5965
2017|2017
5551|5551
9884|9884
929|929
3587|3587
4495|4495
8308|8308
4598|4598
9439|9439
5583|5583
1990|1990
3477|3477
342|342
8730|8730
3565|3565
7924|7924
8302|8302
5031|5031
5900|5900
7969|7969
3399|3399
824|824
3693|3693
2440|2440
5050|5050
9946|9946
8728|8728
9326|9326
3791|3791
2253|2253
6289|6289
3727|3727
4844|4844
7096|7096
5186|5186
2772|2772
8972|8972
8327|8327
7317|7317
4939|4939
3880|3880
1811|1811
2966|2966
8736|8736
5048|5048
4000|4000
4893|4893
8635|8635
6727|6727
854|854
7523|7523
201|201
2378|2378
8729|8729
4996|4996
254|254
180|180
7738|7738
1721|1721
6892|6892
4806|4806
8252|8252
185|185
2737|2737
6279|6279
5890|5890
1548|1548
2114|2114
2484|2484
6822|6822
2648|2648
5489|5489
2914|2914
5781|5781
4066|4066
1066|1066
3375|3375
151|151
8024|8024
1620|1620
5124|5124
5174|5174
8374|8374
2868|2868
8766|8766
2424|2424
5959|5959
9070|9070
9670|9670
9372|9372
2929|2929
8398|8398
9231|9231
8300|8300
2158|2158
9528|9528
7863|7863
532|532
7031|7031
2095|2095
3829|3829
7307|7307
4989|4989
1571|1571
774|774
6176|6176
7453|7453
711|711
8159|8159
7918|7918
9761|9761
7299|7299
6391|6391
3417|3417
2986|2986
3094|3094
2896|2896
7366|7366
7352|7352
1618|1618
7881|7881
6640|6640
6173|6173
8262|8262
5388|5388
3686|3686
2942|2942
856|856
7179|7179
7577|7577
4956|4956
7237|7237
150|150
1917|1917
5197|5197
3900|3900
3117|3117
6953|6953
7613|7613
4597|4597
2128|2128
2992|2992
7210|7210
8029|8029
2482|2482
324|324
4341|4341
409|409
9148|9148
9569|9569
2195|2195
9174|9174
803|803
5764|5764
5695|5695
3552|3552
5180|5180
9719|9719
6040|6040
8018|8018
3781|3781
3481|3481
4975|4975
992|992
6107|6107
9588|9588
4545|4545
690|690
9681|9681
3414|3414
5895|5895
6010|6010
6677|6677
399|399
9307|9307
3902|3902
2499|2499
7852|7852
90|90
1736|1736
3276|3276
470|470
365|365
4525|4525
1089|1089
4563|4563
2663|2663
9930|9930
6023|6023
6726|6726
2567|2567
4406|4406
8437|8437
4461|4461
338|338
7510|7510
6461|6461
5510|5510
9605|9605
4061|4061
5547|5547
6921|6921
9611|9611
2922|2922
4228|4228
9929|9929
937|937
1159|1159
1486|1486
8795|8795
3975|3975
8535|8535
993|993
7047|7047
4985|4985
3759|3759
1628|1628
4658|4658
6117|6117
9286|9286
5966|5966
9863|9863
3916|3916
6978|6978
1760|1760
3894|3894
2093|2093
3691|3691
2669|2669
2051|2051
462|462
4197|4197
8087|8087
2361|2361
4599|4599
7604|7604
9522|9522
4820|4820
6583|6583
575|575
9659|9659
1967|1967
8651|8651
8280|8280
5838|5838
1470|1470
1228|1228
9519|9519
9234|9234
9635|9635
8669|8669
3886|3886
5225|5225
9617|9617
4054|4054
2286|2286
2366|2366
2029|2029
7249|7249
2535|2535
2754|2754
3113|3113
1999|1999
7356|7356
763|763
3889|3889
9256|9256
1543|1543
1208|1208
9952|9952
7224|7224
8405|8405
8878|8878
6218|6218
7983|7983
9572|9572
9926|9926
7583|7583
6930|6930
1187|1187
8117|8117
8637|8637
8570|8570
7908|7908
4196|4196
9727|9727
1896|1896
2863|2863
2269|2269
7939|7939
4082|4082
1238|1238
3246|3246
4456|4456
340|340
3869|3869
8365|8365
1294|1294
6935|6935
6863|6863
2492|2492
7067|7067
3057|3057
1188|1188
5639|5639
4459|4459
9386|9386
8721|8721
5772|5772
5413|5413
9378|9378
3683|3683
4475|4475
1290|1290
933|933
1076|1076
4795|4795
5151|5151
5167|5167
6623|6623
9375|9375
2672|2672
9370|9370
8786|8786
2781|2781
2899|2899
8099|8099
4993|4993
4115|4115
6371|6371
3143|3143
8891|8891
1807|1807
4644|4644
903|903
975|975
2782|2782
9721|9721
5803|5803
3935|3935
5324|5324
5618|5618
9781|9781
7625|7625
7447|7447
7958|7958
4237|4237
2582|2582
1577|1577
6648|6648
257|257
986|986
6716|6716
6198|6198
7423|7423
1060|1060
8806|8806
1515|1515
5816|5816
9081|9081
3719|3719
3446|3446
8671|8671
3379|3379
5788|5788
4253|4253
8707|8707
4422|4422
6054|6054
5783|5783
4559|4559
7868|7868
1365|1365
5420|5420
2031|2031
3897|3897
4170|4170
6278|6278
2936|2936
1970|1970
1533|1533
6094|6094
3594|3594
1744|1744
9828|9828
1859|1859
1730|1730
5239|5239
3396|3396
4036|4036
6263|6263
8606|8606
8299|8299
7296|7296
6530|6530
9482|9482
1958|1958
3011|3011
9858|9858
9593|9593
6352|6352
4449|4449
6982|6982
2686|2686
4729|4729
2607|2607
5732|5732
1563|1563
1023|1023
2972|2972
357|357
802|802
2519|2519
1081|1081
6324|6324
3261|3261
5739|5739
1640|1640
5643|5643
3698|3698
515|515
1383|1383
6825|6825
6821|6821
896|896
1256|1256
8925|8925
1961|1961
1562|1562
1846|1846
5617|5617
2015|2015
1688|1688
8304|8304
7547|7547
5921|5921
9257|9257
5207|5207
3258|3258
1948|1948
9562|9562
7596|7596
8615|8615
2983|2983
7841|7841
4412|4412
6517|6517
9423|9423
9879|9879
598|598
5294|5294
6774|6774
6902|6902
8897|8897
5535|5535
6754|6754
5156|5156
2145|2145
7155|7155
9168|9168
4300|4300
8654|8654
7835|7835
1342|1342
89|89
6721|6721
1201|1201
5746|5746
3489|3489
9431|9431
4642|4642
3875|3875
2974|2974
925|925
6052|6052
1074|1074
3611|3611
8918|8918
6245|6245
3107|3107
1752|1752
9182|9182
6392|6392
60|60
9471|9471
2412|2412
443|443
8081|8081
3805|3805
4786|4786
183|183
4571|4571
8041|8041
3592|3592
1821|1821
8296|8296
7032|7032
1087|1087
1158|1158
9678|9678
4991|4991
1240|1240
2151|2151
204|204
6265|6265
4375|4375
5011|5011
6655|6655
9251|9251
9511|9511
7682|7682
9928|9928
6393|6393
4114|4114
198|198
9525|9525
141|141
5534|5534
4895|4895
5736|5736
7907|7907
3394|3394
9484|9484
3547|3547
5067|5067
8889|8889
842|842
6873|6873
3132|3132
4648|4648
4023|4023
6376|6376
6686|6686
3469|3469
152|152
5432|5432
9367|9367
6203|6203
6405|6405
8251|8251
2688|2688
4206|4206
2757|2757
7695|7695
6770|6770
3591|3591
3685|3685
514|514
1390|1390
8011|8011
9594|9594
969|969
9955|9955
5974|5974
2982|2982
6306|6306
4361|4361
1013|1013
5480|5480
5181|5181
7789|7789
218|218
488|488
331|331
798|798
9603|9603
8491|8491
8322|8322
4497|4497
5004|5004
7012|7012
6042|6042
7904|7904
4965|4965
1626|1626
9728|9728
7814|7814
2920|2920
2628|2628
5303|5303
2232|2232
834|834
8984|8984
1216|1216
9543|9543
3541|3541
6310|6310
2|2
3453|3453
8552|8552
2349|2349
9225|9225
5364|5364
8052|8052
8917|8917
3650|3650
9783|9783
6059|6059
9818|9818
3191|3191
6396|6396
6114|6114
4520|4520
4250|4250
4712|4712
5255|5255
8853|8853
990|990
9629|9629
9056|9056
2511|2511
4409|4409
6924|6924
8292|8292
9767|9767
8612|8612
2326|2326
3849|3849
7571|7571
2840|2840
5993|5993
2351|2351
6003|6003
5086|5086
317|317
9776|9776
9228|9228
1170|1170
8336|8336
2046|2046
0|0
1699|1699
6931|6931
1866|1866
130|130
5118|5118
5063|5063
8422|8422
2822|2822
7351|7351
1664|1664
4268|4268
2184|2184
9838|9838
5684|5684
3206|3206
7580|7580
486|486
3838|3838
6105|6105
7778|7778
8343|8343
1263|1263
7882|7882
4856|4856
3217|3217
2570|2570
9050|9050
2387|2387
723|723
3181|3181
2288|2288
1705|1705
7620|7620
6313|6313
2069|2069
4810|4810
9872|9872
6112|6112
1432|1432
5787|5787
9560|9560
2677|2677
1102|1102
706|706
5853|5853
3493|3493
9820|9820
3214|3214
7055|7055
1569|1569
4256|4256
8705|8705
3668|3668
1321|1321
3215|3215
6800|6800
3035|3035
1718|1718
2420|2420
6778|6778
6780|6780
8068|8068
8133|8133
7743|7743
3663|3663
2632|2632
1759|1759
4849|4849
6327|6327
5404|5404
1498|1498
4418|4418
3696|3696
1124|1124
9083|9083
2888|2888
7287|7287
8427|8427
1834|1834
9615|9615
8971|8971
8697|8697
7195|7195
9454|9454
7792|7792
8358|8358
2941|2941
7395|7395
719|719
5673|5673
5137|5137
555|555
4381|4381
6166|6166
7039|7039
234|234
3359|3359
8727|8727
2828|2828
2141|2141
5708|5708
4848|4848
2391|2391
2121|2121
8619|8619
1902|1902
6547|6547
877|877
4629|4629
7084|7084
6951|6951
4524|4524
4257|4257
6483|6483
5698|5698
459|459
2927|2927
4801|4801
4059|4059
127|127
3711|3711
7569|7569
6962|6962
2197|2197
5659|5659
9690|9690
179|179
4709|4709
5202|5202
9069|9069
2461|2461
6287|6287
6459|6459
1524|1524
5517|5517
3228|3228
3423|3423
4349|4349
8237|8237
4290|4290
7884|7884
7575|7575
9490|9490
3595|3595
2308|2308
5226|5226
6829|6829
2497|2497
5910|5910
6658|6658
1015|1015
8154|8154
3996|3996
9181|9181
9814|9814
5465|5465
7274|7274
3537|3537
882|882
8484|8484
8809|8809
2825|2825
1497|1497
6996|6996
5550|5550
9698|9698
8498|8498
2055|2055
4645|4645
7264|7264
9427|9427
7876|7876
7107|7107
2670|2670
2624|2624
9349|9349
9686|9686
3036|3036
8898|8898
3367|3367
7895|7895
8734|8734
9356|9356
7194|7194
8910|8910
9518|9518
7270|7270
8832|8832
8107|8107
9445|9445
5486|5486
4626|4626
7099|7099
841|841
981|981
3814|3814
8569|8569
4014|4014
8992|8992
5091|5091
6574|6574
6409|6409
1122|1122
9226|9226
4366|4366
7434|7434
5884|5884
8655|8655
9318|9318
6897|6897
7630|7630
4603|4603
394|394
6809|6809
4177|4177
1071|1071
6050|6050
3101|3101
1918|1918
8443|8443
2588|2588
8457|8457
1943|1943
9867|9867
69|69
9360|9360
3460|3460
3158|3158
7485|7485
2129|2129
8329|8329
6432|6432
3297|3297
3256|3256
8350|8350
8785|8785
423|423
8310|8310
4003|4003
5505|5505
1309|1309
954|954
3645|3645
4713|4713
8492|8492
7496|7496
3949|3949
6603|6603
1514|1514
6345|6345
6038|6038
2991|2991
1425|1425
2858|2858
2117|2117
7355|7355
5627|5627
8178|8178
6955|6955
7006|7006
7780|7780
4747|4747
7561|7561
3373|3373
2682|2682
701|701
8121|8121
7245|7245
5138|5138
1445|1445
6147|6147
8379|8379
526|526
9419|9419
9288|9288
9935|9935
2000|2000
6242|6242
8855|8855
1273|1273
1854|1854
4030|4030
2348|2348
3568|3568
4511|4511
1561|1561
554|554
3618|3618
7684|7684
9634|9634
5563|5563
2830|2830
1810|1810
3447|3447
2866|2866
2180|2180
8947|8947
4421|4421
4666|4666
8591|8591
3225|3225
1566|1566
1402|1402
1291|1291
7452|7452
8321|8321
5949|5949
5917|5917
3535|3535
550|550
1996|1996
2245|2245
8521|8521
4212|4212
9978|9978
7843|7843
8560|8560
8263|8263
367|367
8900|8900
6072|6072
4442|4442
4700|4700
9177|9177
9666|9666
6507|6507
6755|6755
3377|3377
1642|1642
1590|1590
5934|5934
8110|8110
3974|3974
5287|5287
4999|4999
9146|9146
7799|7799
9730|9730
3461|3461
4141|4141
3600|3600
4963|4963
4372|4372
126|126
8962|8962
4697|4697
9982|9982
627|627
1989|1989
496|496
6906|6906
9792|9792
6769|6769
2087|2087
7519|7519
1431|1431
4934|4934
8823|8823
6563|6563
2565|2565
6952|6952
3931|3931
7961|7961
4641|4641
9697|9697
883|883
8723|8723
4858|4858
1841|1841
8858|8858
8191|8191
8431|8431
5278|5278
5280|5280
8808|8808
9945|9945
605|605
9585|9585
5562|5562
4654|4654
1|1
9221|9221
6912|6912
7545|7545
3009|3009
983|983
9637|9637
9589|9589
6281|6281
1259|1259
9131|9131
4872|4872
1394|1394
5758|5758
1762|1762
9068|9068
640|640
2710|2710
4426|4426
2794|2794
9135|9135
7660|7660
9891|9891
9633|9633
2659|2659
8001|8001
153|153
7075|7075
2083|2083
8074|8074
3622|3622
4605|4605
2228|2228
1521|1521
1090|1090
7769|7769
4133|4133
8045|8045
164|164
9993|9993
2808|2808
7026|7026
6948|6948
1458|1458
8199|8199
965|965
5356|5356
3590|3590
3620|3620
7646|7646
5504|5504
7347|7347
900|900
6729|6729
3770|3770
3087|3087
3777|3777
1443|1443
8885|8885
9357|9357
9438|9438
4675|4675
4291|4291
9493|9493
8211|8211
9495|9495
6199|6199
6585|6585
7197|7197
2171|2171
1719|1719
8683|8683
5456|5456
4427|4427
9837|9837
8488|8488
7248|7248
7653|7653
533|533
1357|1357
7242|7242
624|624
9417|9417
7139|7139
3847|3847
9491|9491
9708|9708
9765|9765
5155|5155
7124|7124
5339|5339
7828|7828
1597|1597
1209|1209
3884|3884
252|252
5419|5419
1916|1916
8985|8985
4724|4724
8887|8887
1235|1235
7463|7463
2590|2590
2816|2816
1469|1469
7970|7970
1848|1848
5699|5699
1857|1857
3581|3581
743|743
5613|5613
1559|1559
8192|8192
1340|1340
5953|5953
7277|7277
5247|5247
6720|6720
8152|8152
9897|9897
4780|4780
8271|8271
9894|9894
8363|8363
7697|7697
6120|6120
1111|1111
3828|3828
4899|4899
301|301
733|733
7236|7236
6086|6086
7461|7461
9258|9258
8757|8757
5901|5901
7143|7143
6161|6161
5682|5682
7859|7859
6193|6193
6779|6779
5346|5346
9289|9289
6647|6647
4743|4743
6370|6370
7671|7671
5358|5358
7509|7509
7071|7071
1192|1192
2723|2723
7316|7316
3720|3720
751|751
7750|7750
5604|5604
5497|5497
7384|7384
3250|3250
7144|7144
7407|7407
9640|9640
2815|2815
8753|8753
5101|5101
4369|4369
858|858
5477|5477
4925|4925
967|967
4307|4307
4259|4259
3238|3238
200|200
2041|2041
5711|5711
5933|5933
9128|9128
6993|6993
5729|5729
9111|9111
7826|7826
9715|9715
9655|9655
3122|3122
9065|9065
1171|1171
2065|2065
8620|8620
4842|4842
1708|1708
7673|7673
579|579
2886|2886
2536|2536
2309|2309
4213|4213
8894|8894
5629|5629
2725|2725
6035|6035
76|76
2279|2279
7368|7368
9950|9950
2855|2855
5570|5570
9073|9073
2318|2318
8273|8273
4345|4345
4359|4359
5811|5811
3585|3585
474|474
8693|8693
7177|7177
6621|6621
8123|8123
7448|7448
8664|8664
8132|8132
8400|8400
4987|4987
2396|2396
6675|6675
9087|9087
5190|5190
9142|9142
5296|5296
8490|8490
2751|2751
3383|3383
4457|4457
2832|2832
2007|2007
4348|4348
7088|7088
6273|6273
9598|9598
7635|7635
3104|3104
4578|4578
9933|9933
7137|7137
8895|8895
2122|2122
419|419
7070|7070
219|219
3389|3389
8713|8713
476|476
381|381
6462|6462
413|413
3648|3648
8812|8812
244|244
8824|8824
9366|9366
8931|8931
7054|7054
2063|2063
5973|5973
7705|7705
5636|5636
7546|7546
6153|6153
6627|6627
8811|8811
1537|1537
2534|2534
1632|1632
8906|8906
5892|5892
1168|1168
6676|6676
3640|3640
6842|6842
7655|7655
8668|8668
4564|4564
2020|2020
2213|2213
3500|3500
5258|5258
6548|6548
3788|3788
2784|2784
6045|6045
3892|3892
4060|4060
4001|4001
5245|5245
547|547
6551|6551
1423|1423
4009|4009
2654|2654
398|398
8082|8082
2713|2713
6486|6486
4714|4714
6706|6706
5051|5051
4523|4523
2678|2678
3329|3329
1733|1733
8231|8231
5281|5281
650|650
7803|7803
8741|8741
3275|3275
6475|6475
4109|4109
4744|4744
4892|4892
5565|5565
2314|2314
9043|9043
2300|2300
3774|3774
3792|3792
5314|5314
8369|8369
7867|7867
3077|3077
4160|4160
3320|3320
2414|2414
7893|7893
1913|1913
5501|5501
5407|5407
6226|6226
7844|7844
344|344
8698|8698
9526|9526
7160|7160
6985|6985
9115|9115
4514|4514
276|276
6988|6988
2135|2135
5790|5790
3325|3325
44|44
2116|2116
1103|1103
6406|6406
1728|1728
1104|1104
4458|4458
9963|9963
7906|7906
9408|9408
7920|7920
6713|6713
2458|2458
7933|7933
951|951
7471|7471
1367|1367
9212|9212
466|466
5098|5098
6669|6669
5874|5874
7415|7415
7023|7023
6229|6229
8866|8866
4632|4632
4496|4496
9586|9586
2533|2533
622|622
6790|6790
2383|2383
4164|4164
5295|5295
4012|4012
9794|9794
2550|2550
482|482
6768|6768
9845|9845
998|998
6514|6514
9460|9460
5553|5553
8010|8010
9271|9271
5053|5053
1767|1767
9810|9810
633|633
4044|4044
9974|9974
5013|5013
9250|9250
8333|8333
8650|8650
8325|8325
6005|6005
4354|4354
2360|2360
6878|6878
4333|4333
1048|1048
9319|9319
9267|9267
1221|1221
4017|4017
8970|8970
4625|4625
2676|2676
3744|3744
7190|7190
8793|8793
9989|9989
5546|5546
4978|4978
2207|2207
5027|5027
2709|2709
7472|7472
9691|9691
2789|2789
9840|9840
3251|3251
7659|7659
9373|9373
5042|5042
2630|2630
8857|8857
8555|8555
4238|4238
6244|6244
8416|8416
2527|2527
484|484
4337|4337
4116|4116
4330|4330
1837|1837
6033|6033
5962|5962
2437|2437
702|702
3804|3804
6158|6158
2833|2833
8954|8954
251|251
1665|1665
1040|1040
6674|6674
9561|9561
2494|2494
7341|7341
5857|5857
4859|4859
1702|1702
291|291
9973|9973
6427|6427
6685|6685
6976|6976
7727|7727
934|934
8563|8563
6827|6827
8187|8187
953|953
2705|2705
7819|7819
224|224
5694|5694
461|461
1784|1784
7989|7989
1308|1308
853|853
8662|8662
7709|7709
2067|2067
6070|6070
3844|3844
7742|7742
6481|6481
4579|4579
2971|2971
4424|4424
9114|9114
1298|1298
7587|7587
804|804
495|495
3356|3356
1451|1451
1987|1987
65|65
8477|8477
8864|8864
8854|8854
3896|3896
384|384
8559|8559
5651|5651
2402|2402
7295|7295
7554|7554
6013|6013
7169|7169
7188|7188
6124|6124
8930|8930
386|386
4371|4371
7925|7925
3202|3202
6195|6195
9748|9748
2045|2045
680|680
6175|6175
5527|5527
6018|6018
1544|1544
4178|4178
4920|4920
9393|9393
1375|1375
3636|3636
7823|7823
3870|3870
5515|5515
9789|9789
8471|8471
6910|6910
597|597
3874|3874
1271|1271
4828|4828
3801|3801
3365|3365
1827|1827
3295|3295
4970|4970
6533|6533
8182|8182
6416|6416
1101|1101
5115|5115
1282|1282
6095|6095
6254|6254
6412|6412
789|789
6515|6515
6772|6772
6216|6216
1131|1131
1229|1229
3063|3063
6885|6885
5737|5737
356|356
3939|3939
6722|6722
8493|8493
7304|7304
7936|7936
2885|2885
850|850
6133|6133
9351|9351
6942|6942
5064|5064
8684|8684
6992|6992
3746|3746
8804|8804
5015|5015
8631|8631
6605|6605
5924|5924
9261|9261
4263|4263
9782|9782
722|722
2040|2040
5826|5826
8822|8822
4968|4968
3966|3966
6860|6860
3371|3371
9298|9298
5081|5081
2602|2602
2356|2356
2131|2131
5412|5412
9559|9559
59|59
5337|5337
4240|4240
262|262
6468|6468
6380|6380
3345|3345
4142|4142
9322|9322
1167|1167
7238|7238
9176|9176
4727|4727
8686|8686
1808|1808
5195|5195
3115|3115
3786|3786
1127|1127
3386|3386
6350|6350
1724|1724
3355|3355
9607|9607
6017|6017
3084|3084
7834|7834
5212|5212
4783|4783
7765|7765
5045|5045
6804|6804
557|557
8101|8101
8482|8482
4241|4241
6064|6064
195|195
9567|9567
207|207
9159|9159
2617|2617
6979|6979
265|265
1129|1129
1842|1842
5132|5132
9172|9172
3108|3108
5361|5361
8530|8530
1608|1608
5652|5652
3845|3845
7856|7856
2621|2621
7611|7611
7339|7339
3854|3854
1998|1998
8031|8031
3030|3030
2638|2638
644|644
825|825
2938|2938
7755|7755
2139|2139
4995|4995
7480|7480
82|82
4315|4315
6874|6874
8403|8403
7756|7756
8725|8725
6207|6207
7251|7251
7389|7389
5094|5094
294|294
8938|8938
4481|4481
9229|9229
6438|6438
7005|7005
4566|4566
1142|1142
8626|8626
3306|3306
7464|7464
8105|8105
2969|2969
3977|3977
4147|4147
4967|4967
9085|9085
104|104
8289|8289
4342|4342
1384|1384
9410|9410
2111|2111
3558|3558
958|958
438|438
97|97
8176|8176
6875|6875
8307|8307
4446|4446
6025|6025
8305|8305
6557|6557
2740|2740
5850|5850
2001|2001
9237|9237
717|717
6592|6592
3106|3106
5967|5967
7178|7178
6870|6870
2488|2488
2130|2130
7085|7085
2186|2186
9395|9395
947|947
6408|6408
888|888
9746|9746
5875|5875
1156|1156
7350|7350
7068|7068
6264|6264
5203|5203
4679|4679
9682|9682
9473|9473
4661|4661
658|658
5439|5439
4220|4220
5677|5677
9764|9764
5887|5887
1984|1984
8160|8160
396|396
5560|5560
6488|6488
4845|4845
6788|6788
4203|4203
142|142
9806|9806
6305|6305
5464|5464
5621|5621
5044|5044
2310|2310
16|16
9304|9304
1677|1677
5321|5321
6240|6240
9418|9418
1519|1519
1823|1823
8026|8026
8590|8590
3635|3635
2346|2346
3459|3459
8639|8639
1516|1516
4840|4840
8180|8180
4221|4221
7435|7435
3312|3312
3055|3055
9203|9203
2142|2142
2428|2428
7311|7311
5448|5448
8070|8070
935|935
7564|7564
4152|4152
2758|2758
3369|3369
693|693
4567|4567
6913|6913
6958|6958
4610|4610
1091|1091
745|745
7492|7492
5252|5252
4195|4195
6538|6538
1981|1981
2955|2955
9400|9400
875|875
2289|2289
4254|4254
3221|3221
7894|7894
5878|5878
1369|1369
7221|7221
3543|3543
577|577
5311|5311
4890|4890
5246|5246
3465|3465
6433|6433
3474|3474
375|375
4380|4380
8469|8469
8948|8948
8393|8393
8224|8224
4033|4033
1331|1331
8506|8506
3673|3673
4734|4734
5445|5445
9679|9679
778|778
94|94
780|780
7800|7800
7739|7739
1406|1406
2913|2913
5394|5394
1116|1116
1809|1809
806|806
592|592
7442|7442
6936|6936
9910|9910
5206|5206
4746|4746
3017|3017
2274|2274
7634|7634
8834|8834
2980|2980
3766|3766
8628|8628
1976|1976
1430|1430
3092|3092
4894|4894
3006|3006
8015|8015
855|855
8614|8614
8467|8467
1374|1374
2528|2528
3980|3980
5851|5851
9421|9421
3075|3075
4722|4722
5065|5065
612|612
4101|4101
5509|5509
8056|8056
9965|9965
5277|5277
1253|1253
7354|7354
8621|8621
9645|9645
5016|5016
4262|4262
5520|5520
1953|1953
991|991
1204|1204
2952|2952
9335|9335
5297|5297
3321|3321
5717|5717
7140|7140
6339|6339
3857|3857
1267|1267
5786|5786
7183|7183
9259|9259
3576|3576
1947|1947
2127|2127
9223|9223
5536|5536
7499|7499
1280|1280
465|465
4293|4293
8589|8589
55|55
3148|3148
2910|2910
4501|4501
360|360
5021|5021
2152|2152
6850|6850
5585|5585
4532|4532
559|559
133|133
2845|2845
1557|1557
5418|5418
4304|4304
773|773
1447|1447
5417|5417
3615|3615
9044|9044
6943|6943
6384|6384
2646|2646
7272|7272
3613|3613
5327|5327
4526|4526
861|861
1163|1163
9219|9219
210|210
9330|9330
7436|7436
3737|3737
1613|1613
1450|1450
7428|7428
9798|9798
6333|6333
7607|7607
1652|1652
1223|1223
6471|6471
1442|1442
5082|5082
3924|3924
3282|3282
1164|1164
8712|8712
3910|3910
8966|8966
3018|3018
1893|1893
4161|4161
6554|6554
8658|8658
8246|8246
5791|5791
4108|4108
3263|3263
2280|2280
1136|1136
4866|4866
109|109
5171|5171
1338|1338
8141|8141
7781|7781
7241|7241
9394|9394
7475|7475
8596|8596
2859|2859
3666|3666
4537|4537
3043|3043
7864|7864
9962|9962
391|391
8069|8069
5007|5007
4930|4930
5794|5794
709|709
985|985
6635|6635
6983|6983
2389|2389
307|307
8317|8317
2296|2296
6749|6749
148|148
9090|9090
740|740
9833|9833
21|21
1818|1818
6639|6639
6598|6598
4983|4983
948|948
3082|3082
8794|8794
3361|3361
3242|3242
5135|5135
377|377
2239|2239
4167|4167
3705|3705
6322|6322
545|545
1041|1041
1789|1789
618|618
8046|8046
176|176
2652|2652
4979|4979
5762|5762
5074|5074
6781|6781
6121|6121
2601|2601
4451|4451
5385|5385
9246|9246
915|915
7204|7204
407|407
29|29
3133|3133
8699|8699
5648|5648
1781|1781
5750|5750
6544|6544
8957|8957
9873|9873
1153|1153
8396|8396
3567|3567
2307|2307
8409|8409
5561|5561
6506|6506
2691|2691
5334|5334
1625|1625
7420|7420
5493|5493
7967|7967
1057|1057
7522|7522
2906|2906
5984|5984
5927|5927
3330|3330
2199|2199
9306|9306
7132|7132
6508|6508
7878|7878
8361|8361
7530|7530
3037|3037
5922|5922
8258|8258
1070|1070
8739|8739
9756|9756
66|66
7077|7077
7558|7558
323|323
9485|9485
4402|4402
5184|5184
1460|1460
5025|5025
3790|3790
729|729
8007|8007
284|284
7222|7222
8185|8185
4135|4135
2327|2327
3154|3154
6241|6241
5058|5058
5622|5622
3402|3402
609|609
1788|1788
2313|2313
4950|4950
4703|4703
1873|1873
3918|3918
9706|9706
7430|7430
3368|3368
1389|1389
4981|4981
3919|3919
223|223
2312|2312
3279|3279
9406|9406
9253|9253
5301|5301
7717|7717
9570|9570
5721|5721
7701|7701
9247|9247
2183|2183
6629|6629
9321|9321
2579|2579
5646|5646
7123|7123
6576|6576
3124|3124
7759|7759
248|248
3266|3266
4401|4401
3152|3152
3606|3606
9834|9834
9245|9245
9701|9701
102|102
9737|9737
7061|7061
7696|7696
7602|7602
34|34
2089|2089
299|299
9934|9934
5944|5944
3963|3963
5422|5422
3984|3984
6877|6877
8975|8975
8799|8799
8478|8478
2234|2234
5454|5454
5805|5805
9266|9266
1863|1863
9122|9122
1139|1139
7979|7979
8415|8415
6518|6518
8613|8613
901|901
4791|4791
8880|8880
5342|5342
7526|7526
2240|2240
92|92
2388|2388
6319|6319
638|638
7130|7130
8290|8290
3342|3342
6694|6694
249|249
7498|7498
4692|4692
7000|7000
7093|7093
1950|1950
7998|7998
1028|1028
4153|4153
116|116
5189|5189
943|943
8487|8487
5516|5516
2112|2112
5631|5631
110|110
4364|4364
3771|3771
8507|8507
6424|6424
5734|5734
1712|1712
2622|2622
5242|5242
2968|2968
8143|8143
9138|9138
2999|2999
6618|6618
3978|3978
840|840
3580|3580
3861|3861
5979|5979
8553|8553
3273|3273
2650|2650
6636|6636
8964|8964
8694|8694
736|736
4809|4809
1853|1853
9082|9082
8522|8522
2436|2436
2321|2321
4413|4413
4313|4313
9264|9264
7260|7260
7807|7807
645|645
491|491
2368|2368
9158|9158
5380|5380
7418|7418
676|676
1668|1668
4233|4233
3054|3054
6651|6651
9075|9075
2850|2850
3421|3421
6326|6326
519|519
1226|1226
305|305
8762|8762
8172|8172
7433|7433
1979|1979
3426|3426
9797|9797
6504|6504
510|510
1219|1219
9112|9112
5743|5743
9876|9876
5177|5177
9848|9848
7775|7775
9534|9534
8345|8345
678|678
4958|4958
4040|4040
7615|7615
7128|7128
1540|1540
8556|8556
1512|1512
5216|5216
5371|5371
4155|4155
3588|3588
1189|1189
4883|4883
3226|3226
9552|9552
7425|7425
3628|3628
2018|2018
6007|6007
6356|6356
2599|2599
9447|9447
2569|2569
4021|4021
9104|9104
6382|6382
5576|5576
7414|7414
5073|5073
4541|4541
9283|9283
7247|7247
5483|5483
8023|8023
1607|1607
9900|9900
4731|4731
2206|2206
7226|7226
3136|3136
2956|2956
9343|9343
1535|1535
5360|5360
1107|1107
4693|4693
632|632
6523|6523
3527|3527
7301|7301
2323|2323
4186|4186
3343|3343
8466|8466
4154|4154
7621|7621
3582|3582
7095|7095
7220|7220
2796|2796
1636|1636
4655|4655
6808|6808
318|318
8439|8439
8202|8202
6223|6223
9744|9744
4940|4940
687|687
3701|3701
7801|7801
5891|5891
9151|9151
7|7
9489|9489
8348|8348
3388|3388
4505|4505
4145|4145
1364|1364
1314|1314
5289|5289
6831|6831
6703|6703
4120|4120
487|487
7601|7601
7827|7827
3022|3022
308|308
2747|2747
295|295
5543|5543
7926|7926
5713|5713
4207|4207
163|163
8053|8053
3923|3923
6334|6334
8967|8967
7390|7390
5158|5158
8672|8672
9175|9175
3490|3490
3862|3862
2953|2953
5338|5338
608|608
9047|9047
4081|4081
7761|7761
5683|5683
846|846
6445|6445
549|549
5079|5079
2711|2711
1478|1478
5868|5868
410|410
6466|6466
5730|5730
7397|7397
8751|8751
9089|9089
6454|6454
5907|5907
2764|2764
4248|4248
226|226
5789|5789
5142|5142
1232|1232
8800|8800
6239|6239
5427|5427
4649|4649
2106|2106
4900|4900
7217|7217
1144|1144
916|916
2767|2767
7348|7348
8288|8288
5942|5942
4049|4049
7678|7678
5958|5958
417|417
289|289
2028|2028
2917|2917
7406|7406
4580|4580
260|260
9053|9053
9835|9835
6368|6368
2221|2221
1994|1994
147|147
7258|7258
2255|2255
2248|2248
2843|2843
9610|9610
9638|9638
4301|4301
7879|7879
1679|1679
8489|8489
1025|1025
3773|3773
4948|4948
2557|2557
5538|5538
3740|3740
4432|4432
8392|8392
4|4
5712|5712
372|372
807|807
6436|6436
4941|4941
7297|7297
8064|8064
7600|7600
2703|2703
3080|3080
4612|4612
8504|8504
1695|1695
7421|7421
8066|8066
9899|9899
2166|2166
1029|1029
8014|8014
6067|6067
997|997
3327|3327
1726|1726
1036|1036
5230|5230
8851|8851
4670|4670
6442|6442
5552|5552
9992|9992
73|73
2003|2003
6541|6541
2803|2803
4938|4938
7394|7394
6493|6493
8426|8426
1175|1175
7153|7153
8306|8306
8680|8680
5572|5572
3176|3176
761|761
2483|2483
7718|7718
3195|3195
2997|2997
565|565
800|800
272|272
2013|2013
2215|2215
5325|5325
4218|4218
2702|2702
2541|2541
2416|2416
2715|2715
8027|8027
8357|8357
7083|7083
839|839
1239|1239
480|480
7632|7632
8574|8574
1682|1682
1058|1058
2853|2853
9901|9901
7290|7290
2357|2357
6065|6065
3661|3661
6154|6154
4035|4035
926|926
2405|2405
8576|8576
8367|8367
2759|2759
586|586
3205|3205
3042|3042
9988|9988
9524|9524
4368|4368
2644|2644
8542|8542
5253|5253
9420|9420
3254|3254
6342|6342
6610|6610
2961|2961
1051|1051
9919|9919
9205|9205
9779|9779
1313|1313
8472|8472
9232|9232
9912|9912
3519|3519
2422|2422
6704|6704
8284|8284
9529|9529
1415|1415
5436|5436
2687|2687
4723|4723
8065|8065
833|833
7692|7692
9191|9191
9583|9583
2196|2196
7328|7328
9523|9523
8314|8314
8497|8497
7344|7344
946|946
9555|9555
827|827
4355|4355
8230|8230
2696|2696
448|448
8700|8700
5688|5688
3434|3434
5492|5492
5302|5302
9823|9823
567|567
2273|2273
5183|5183
7992|7992
4738|4738
4434|4434
537|537
9892|9892
3695|3695
7349|7349
4069|4069
9325|9325
1118|1118
9888|9888
93|93
9337|9337
2717|2717
3755|3755
8016|8016
6464|6464
1534|1534
5828|5828
859|859
6536|6536
3837|3837
8618|8618
9134|9134
1044|1044
6389|6389
9718|9718
584|584
2276|2276
4234|4234
7869|7869
704|704
1084|1084
6390|6390
984|984
3363|3363
3823|3823
6423|6423
9040|9040
2848|2848
9551|9551
9102|9102
1039|1039
6377|6377
1409|1409
3348|3348
7910|7910
4139|4139
5557|5557
1349|1349
830|830
270|270
8220|8220
6802|6802
3014|3014
8719|8719
3713|3713
9577|9577
4763|4763
7637|7637
6357|6357
4450|4450
3139|3139
3763|3763
9738|9738
5092|5092
1330|1330
3166|3166
3865|3865
7115|7115
6939|6939
1554|1554
2088|2088
3624|3624
6201|6201
1596|1596
4425|4425
9644|9644
5797|5797
6934|6934
8710|8710
9709|9709
5402|5402
3524|3524
5701|5701
3614|3614
2727|2727
1193|1193
5727|5727
9852|9852
3476|3476
6440|6440
9020|9020
238|238
7784|7784
2022|2022
2870|2870
9363|9363
5898|5898
1085|1085
5460|5460
1968|1968
960|960
2434|2434
8335|8335
6937|6937
1080|1080
6490|6490
6949|6949
8831|8831
7483|7483
7072|7072
639|639
7152|7152
8360|8360
8235|8235
8861|8861
6235|6235
716|716
1915|1915
5352|5352
4058|4058
631|631
847|847
9550|9550
6501|6501
7865|7865
9030|9030
7081|7081
2355|2355
6543|6543
4430|4430
3502|3502
2324|2324
6887|6887
1262|1262
387|387
255|255
6157|6157
99|99
322|322
4764|4764
1739|1739
5674|5674
4063|4063
2856|2856
9980|9980
1002|1002
3914|3914
2706|2706
165|165
5478|5478
4797|4797
3920|3920
9545|9545
2485|2485
8675|8675
5008|5008
8835|8835
9333|9333
1351|1351
5306|5306
3086|3086
3475|3475
718|718
913|913
2598|2598
1874|1874
5300|5300
5463|5463
7090|7090
7598|7598
2558|2558
792|792
7892|7892
1713|1713
6571|6571
3048|3048
327|327
6480|6480
9913|9913
1991|1991
5|5
5587|5587
6071|6071
7422|7422
4370|4370
329|329
2884|2884
5270|5270
6938|6938
286|286
1211|1211
4143|4143
8228|8228
6136|6136
1541|1541
7382|7382
7954|7954
2623|2623
9133|9133
6601|6601
6049|6049
7334|7334
477|477
5941|5941
7322|7322
4175|4175
5378|5378
4080|4080
2459|2459
2172|2172
7667|7667
9467|9467
7086|7086
2871|2871
9510|9510
9996|9996
5985|5985
570|570
7325|7325
8716|8716
4194|4194
1884|1884
26|26
898|898
8999|8999
5923|5923
8779|8779
5326|5326
5524|5524
6126|6126
285|285
9153|9153
1886|1886
4474|4474
2890|2890
8706|8706
3835|3835
6593|6593
3179|3179
8837|8837
7771|7771
8927|8927
6155|6155
2915|2915
1379|1379
8198|8198
1644|1644
5078|5078
7454|7454
9132|9132
737|737
4850|4850
7543|7543
9217|9217
3429|3429
8083|8083
172|172
7074|7074
3013|3013
6572|6572
3879|3879
56|56
2263|2263
6529|6529
4339|4339
1651|1651
6101|6101
4546|4546
1792|1792
5095|5095
5661|5661
7079|7079
2642|2642
463|463
7585|7585
9032|9032
4898|4898
2398|2398
4552|4552
3843|3843
2260|2260
9970|9970
1207|1207
6385|6385
7877|7877
7566|7566
3497|3497
613|613
5035|5035
5707|5707
9878|9878
4556|4556
2369|2369
3323|3323
7462|7462
4467|4467
5006|5006
3019|3019
5947|5947
3970|3970
910|910
9922|9922
4944|4944
6373|6373
6208|6208
4916|4916
699|699
458|458
3134|3134
9513|9513
3028|3028
7022|7022
5824|5824
7751|7751
4562|4562
8652|8652
3767|3767
7631|7631
6619|6619
3079|3079
2626|2626
4492|4492
9486|9486
9990|9990
2444|2444
1231|1231
8807|8807
4222|4222
8|8
6027|6027
4179|4179
8819|8819
8204|8204
1551|1551
9458|9458
3286|3286
2272|2272
177|177
5461|5461
3882|3882
3358|3358
2468|2468
9003|9003
4445|4445
6854|6854
7951|7951
2062|2062
2316|2316
9041|9041
9976|9976
237|237
4104|4104
2146|2146
5263|5263
1065|1065
3105|3105
2477|2477
1910|1910
3424|3424
15|15
8165|8165
2544|2544
5554|5554
697|697
848|848
5093|5093
2947|2947
9272|9272
3751|3751
4640|4640
914|914
8375|8375
1764|1764
6448|6448
4544|4544
5574|5574
6820|6820
2797|2797
2462|2462
431|431
3826|3826
3243|3243
9740|9740
2098|2098
3175|3175
4639|4639
8140|8140
8349|8349
1492|1492
8539|8539
2339|2339
8516|8516
9770|9770
214|214
4124|4124
5330|5330
3680|3680
444|444
7288|7288
4403|4403
6898|6898
784|784
9140|9140
8850|8850
1135|1135
2829|2829
3913|3913
6803|6803
378|378
3190|3190
6134|6134
3981|3981
1825|1825
9054|9054
4417|4417
430|430
266|266
2718|2718
2575|2575
3632|3632
615|615
1828|1828
23|23
3536|3536
8536|8536
6641|6641
4113|4113
9118|9118
4726|4726
4117|4117
3064|3064
2235|2235
242|242
8188|8188
700|700
30|30
553|553
5541|5541
5231|5231
7008|7008
7616|7616
3449|3449
6098|6098
6591|6591
4756|4756
6784|6784
1624|1624
7481|7481
8902|8902
8960|8960
6015|6015
3185|3185
3259|3259
8244|8244
5971|5971
3344|3344
7465|7465
3194|3194
8977|8977
2212|2212
8301|8301
2287|2287
8820|8820
7470|7470
4852|4852
304|304
6876|6876
2585|2585
7686|7686
217|217
7476|7476
9061|9061
7840|7840
7578|7578
6233|6233
3207|3207
837|837
7586|7586
1292|1292
4515|4515
8825|8825
3141|3141
7788|7788
6089|6089
7335|7335
8544|8544
4306|4306
3510|3510
1585|1585
8035|8035
9235|9235
4157|4157
5742|5742
635|635
4841|4841
1536|1536
7491|7491
1145|1145
4187|4187
4374|4374
6684|6684
3860|3860
5532|5532
2949|2949
6022|6022
5032|5032
9465|9465
4351|4351
4912|4912
6328|6328
6709|6709
2564|2564
9163|9163
5653|5653
4706|4706
7292|7292
7441|7441
4671|4671
2052|2052
3346|3346
7556|7556
2415|2415
1591|1591
9799|9799
6348|6348
4438|4438
2987|2987
8124|8124
2518|2518
4363|4363
4468|4468
5800|5800
2038|2038
6467|6467
3193|3193
7113|7113
6202|6202
2976|2976
3850|3850
9397|9397
3044|3044
6179|6179
24|24
1518|1518
8579|8579
2081|2081
1278|1278
955|955
940|940
9720|9720
4121|4121
7633|7633
9317|9317
4669|4669
3679|3679
7945|7945
4173|4173
8008|8008
6024|6024
4183|4183
5187|5187
6973|6973
7198|7198
5784|5784
6611|6611
6767|6767
972|972
9853|9853
2928|2928
1847|1847
3162|3162
8226|8226
6643|6643
2776|2776
4384|4384
4377|4377
9051|9051
7762|7762
6714|6714
4410|4410
1977|1977
5162|5162
4737|4737
4493|4493
3675|3675
1045|1045
6344|6344
5123|5123
3539|3539
3747|3747
7371|7371
5918|5918
4068|4068
7896|7896
6834|6834
408|408
1685|1685
4239|4239
3130|3130
2990|2990
1983|1983
2411|2411
9557|9557
5672|5672
6666|6666
1819|1819
8833|8833
8175|8175
1845|1845
6330|6330
22|22
9279|9279
3676|3676
5438|5438
9516|9516
5389|5389
9553|9553
4753|4753
2406|2406
2959|2959
2270|2270
932|932
1037|1037
1930|1930
5706|5706
2619|2619
7995|7995
162|162
2512|2512
8685|8685
5841|5841
2637|2637
1922|1922
879|879
4311|4311
3734|3734
6460|6460
3601|3601
5833|5833
1016|1016
3596|3596
7268|7268
1305|1305
5429|5429
9442|9442
2810|2810
7898|7898
4334|4334
4415|4415
5139|5139
350|350
25|25
7676|7676
3157|3157
9646|9646
1095|1095
2996|2996
5153|5153
3102|3102
3684|3684
9956|9956
4169|4169
4289|4289
9275|9275
11|11
8623|8623
1479|1479
1086|1086
5211|5211
2699|2699
4728|4728
2330|2330
1348|1348
8643|8643
9778|9778
3973|3973
4705|4705
1667|1667
1372|1372
2193|2193
5862|5862
1782|1782
4896|4896
6076|6076
3709|3709
5582|5582
6399|6399
9512|9512
1490|1490
1694|1694
4882|4882
9936|9936
5387|5387
9119|9119
1589|1589
7861|7861
4918|4918
145|145
3165|3165
9647|9647
6757|6757
768|768
4188|4188
5638|5638
764|764
7261|7261
5741|5741
5010|5010
669|669
8236|8236
1454|1454
2504|2504
490|490
8091|8091
9320|9320
5383|5383
8003|8003
7199|7199
1172|1172
8791|8791
7482|7482
7568|7568
2847|2847
749|749
786|786
5362|5362
1248|1248
3024|3024
9804|9804
4242|4242
6600|6600
1835|1835
1908|1908
779|779
647|647
7025|7025
7337|7337
1038|1038
4516|4516
6644|6644
7563|7563
1035|1035
2587|2587
897|897
1466|1466
3032|3032
4400|4400
1513|1513
8436|8436
6805|6805
9227|9227
5793|5793
4407|4407
5872|5872
3501|3501
7952|7952
8776|8776
6673|6673
6745|6745
5319|5319
7729|7729
2242|2242
5665|5665
8268|8268
7265|7265
4394|4394
7449|7449
2778|2778
558|558
3690|3690
2744|2744
1932|1932
8926|8926
6581|6581
7173|7173
1220|1220
5384|5384
4227|4227
6452|6452
2964|2964
1289|1289
8047|8047
6900|6900
9315|9315
5241|5241
7094|7094
3799|3799
4286|4286
6268|6268
1049|1049
3533|3533
1077|1077
4994|4994
5754|5754
9917|9917
3724|3724
241|241
1680|1680
3170|3170
2478|2478
4252|4252
3697|3697
944|944
2342|2342
4596|4596
9531|9531
1605|1605
4745|4745
5057|5057
4006|4006
1872|1872
5395|5395
4076|4076
5127|5127
9107|9107
8580|8580
8086|8086
3056|3056
2695|2695
9308|9308
8567|8567
7493|7493
1397|1397
7557|7557
9374|9374
1416|1416
3189|3189
5474|5474
7534|7534
58|58
9105|9105
8238|8238
7387|7387
6642|6642
2134|2134
5240|5240
6972|6972
6174|6174
2474|2474
4201|4201
7205|7205
9435|9435
6990|6990
7283|7283
5370|5370
8735|8735
2903|2903
5329|5329
7321|7321
1779|1779
1475|1475
3395|3395
838|838
2647|2647
2736|2736
5305|5305
3230|3230
9816|9816
5778|5778
7690|7690
6353|6353
4387|4387
4871|4871
4452|4452
8869|8869
8163|8163
120|120
1391|1391
7949|7949
9110|9110
5948|5948
9923|9923
5649|5649
732|732
2204|2204
7887|7887
1007|1007
521|521
125|125
1108|1108
8161|8161
8529|8529
1831|1831
1658|1658
3005|3005
9568|9568
602|602
4499|4499
9755|9755
5818|5818
2837|2837
7724|7724
209|209
3866|3866
2576|2576
1244|1244
5233|5233
1092|1092
1696|1696
9071|9071
8261|8261
5624|5624
2562|2562
7687|7687
2765|2765
1185|1185
7517|7517
6317|6317
4110|4110
3252|3252
3943|3943
9209|9209
2034|2034
7372|7372
3969|3969
7531|7531
6595|6595
4538|4538
6650|6650
1997|1997
4106|4106
3566|3566
1507|1507
4274|4274
8777|8777
4411|4411
9925|9925
2471|2471
8828|8828
7378|7378
5060|5060
1797|1797
3088|3088
3427|3427
3583|3583
4267|4267
9450|9450
8987|8987
979|979
5204|5204
6142|6142
2731|2731
8291|8291
149|149
3357|3357
2894|2894
1333|1333
6633|6633
8600|8600
1580|1580
902|902
2019|2019
4595|4595
7240|7240
9854|9854
7597|7597
6968|6968
3728|3728
8043|8043
7053|7053
573|573
267|267
3944|3944
8761|8761
181|181
4751|4751
8874|8874
7888|7888
6429|6429
8979|8979
4711|4711
8088|8088
8373|8373
7669|7669
1180|1180
2734|2734
440|440
9795|9795
2901|2901
2086|2086
909|909
2729|2729
4707|4707
1978|1978
5193|5193
1316|1316
6403|6403
2113|2113
8429|8429
1567|1567
2243|2243
4269|4269
221|221
8425|8425
1254|1254
3135|3135
61|61
8130|8130
4472|4472
7820|7820
4867|4867
6275|6275
33|33
785|785
8326|8326
9310|9310
5774|5774
977|977
2773|2773
2984|2984
2916|2916
8876|8876
1612|1612
8340|8340
4678|4678
6617|6617
3617|3617
7905|7905
7508|7508
9722|9722
9602|9602
6336|6336
5848|5848
3598|3598
5331|5331
192|192
2988|2988
9714|9714
7664|7664
576|576
5843|5843
9444|9444
3689|3689
9076|9076
6748|6748
2509|2509
9462|9462
8354|8354
1914|1914
31|31
3003|3003
568|568
7111|7111
6487|6487
3810|3810
1408|1408
2115|2115
6733|6733
8033|8033
6815|6815
136|136
9656|9656
7298|7298
7638|7638
3264|3264
9868|9868
7749|7749
8448|8448
3631|3631
4531|4531
4128|4128
7647|7647
7487|7487
3089|3089
3041|3041
8907|8907
9959|9959
2345|2345
5382|5382
6626|6626
7710|7710
4440|4440
556|556
1363|1363
1227|1227
1602|1602
9967|9967
1027|1027
810|810
3328|3328
2510|2510
3235|3235
2516|2516
3991|3991
6977|6977
4966|4966
2237|2237
8636|8636
9786|9786
9004|9004
815|815
4486|4486
7080|7080
6798|6798
2750|2750
4542|4542
5592|5592
108|108
2481|2481
6886|6886
1225|1225
3836|3836
464|464
7060|7060
5168|5168
8717|8717
1903|1903
2854|2854
4929|4929
6545|6545
1690|1690
2278|2278
3642|3642
4808|4808
6197|6197
4945|4945
1843|1843
6097|6097
9067|9067
9368|9368
4827|4827
7767|7767
2025|2025
7121|7121
6485|6485
714|714
7754|7754
4767|4767
6570|6570
9896|9896
5780|5780
7156|7156
7105|7105
7741|7741
1284|1284
8950|8950
87|87
9188|9188
9696|9696
4573|4573
2707|2707
3074|3074
7911|7911
3703|3703
3391|3391
6057|6057
3125|3125
3149|3149
7275|7275
7994|7994
7648|7648
4919|4919
2205|2205
9743|9743
9327|9327
8901|8901
8397|8397
6329|6329
6901|6901
5724|5724
4326|4326
5469|5469
1798|1798
3955|3955
7122|7122
4618|4618
9101|9101
9424|9424
921|921
5521|5521
5434|5434
4087|4087
8609|8609
4771|4771
6292|6292
8937|8937
8442|8442
2728|2728
3825|3825
2834|2834
9430|9430
4097|4097
2035|2035
8862|8862
2864|2864
2350|2350
9197|9197
2895|2895
5377|5377
7393|7393
4565|4565
5430|5430
5588|5588
6103|6103
8784|8784
1464|1464
7627|7627
7698|7698
8055|8055
9653|9653
616|616
199|199
7357|7357
8848|8848
6512|6512
1734|1734
9285|9285
2198|2198
5908|5908
6415|6415
6555|6555
8846|8846
8951|8951
6711|6711
6001|6001
7045|7045
1148|1148
7211|7211
572|572
9344|9344
4271|4271
446|446
1399|1399
7018|7018
4064|4064
7518|7518
6817|6817
9475|9475
8461|8461
3674|3674
1214|1214
3192|3192
9006|9006
8179|8179
2826|2826
5808|5808
6638|6638
3239|3239
5205|5205
8480|8480
2745|2745
4332|4332
8642|8642
5353|5353
4750|4750
4439|4439
8653|8653
6434|6434
1771|1771
607|607
4581|4581
950|950
6068|6068
1392|1392
9665|9665
2867|2867
625|625
4902|4902
7971|7971
5452|5452
2059|2059
9498|9498
8871|8871
10|10
4936|4936
793|793
844|844
9436|9436
3906|3906
5763|5763
4904|4904
8630|8630
4583|4583
8411|8411
9201|9201
3333|3333
6697|6697
4391|4391
7719|7719
5995|5995
2769|2769
7668|7668
3604|3604
1426|1426
2844|2844
8090|8090
182|182
341|341
1119|1119
422|422
7126|7126
9402|9402
3990|3990
1638|1638
864|864
6455|6455
3904|3904
3700|3700
6104|6104
8240|8240
6456|6456
9352|9352
6731|6731
4804|4804
6914|6914
1257|1257
2433|2433
9931|9931
3091|3091
1757|1757
4376|4376
7469|7469
7062|7062
3067|3067
5043|5043
7790|7790
3562|3562
9763|9763
4796|4796
5601|5601
8661|8661
9991|9991
5408|5408
871|871
5030|5030
2452|2452
5723|5723
9948|9948
7489|7489
5061|5061
8860|8860
9125|9125
3073|3073
9671|9671
1687|1687
6309|6309
451|451
9399|9399
1269|1269
6243|6243
7478|7478
38|38
3726|3726
5943|5943
7699|7699
6364|6364
4907|4907
7606|7606
8216|8216
5440|5440
1438|1438
75|75
2227|2227
9916|9916
3872|3872
671|671
2076|2076
5185|5185
5568|5568
2716|2716
4974|4974
9291|9291
3204|3204
1919|1919
1929|1929
6|6
5602|5602
6047|6047
9601|9601
8773|8773
8703|8703
8218|8218
8421|8421
3260|3260
4631|4631
6362|6362
9576|9576
1803|1803
2897|2897
4357|4357
9968|9968
1205|1205
9113|9113
3484|3484
5608|5608
3308|3308
5548|5548
2467|2467
679|679
363|363
9667|9667
4585|4585
1446|1446
3911|3911
4777|4777
5143|5143
3655|3655
7595|7595
5970|5970
4356|4356
9508|9508
3376|3376
5994|5994
3513|3513
696|696
4476|4476
3794|3794
6502|6502
6624|6624
5068|5068
4522|4522
7850|7850
2546|2546
9672|9672
4393|4393
2824|2824
5946|5946
6588|6588
7579|7579
5507|5507
8434|8434
3694|3694
1096|1096
3571|3571
1892|1892
643|643
1657|1657
995|995
5141|5141
9211|9211
5556|5556
541|541
6558|6558
1745|1745
48|48
6683|6683
1776|1776
683|683
964|964
8996|8996
2075|2075
9388|9388
3290|3290
8057|8057
5343|5343
2306|2306
4323|4323
9215|9215
9960|9960
9294|9294
314|314
206|206
941|941
6960|6960
9340|9340
4660|4660
6428|6428
8253|8253
3890|3890
6559|6559
1805|1805
9753|9753
6082|6082
6037|6037
6847|6847
6092|6092
9587|9587
9908|9908
4990|4990
6775|6775
8281|8281
3110|3110
4176|4176
5299|5299
5676|5676
9606|9606
3347|3347
146|146
5237|5237
1140|1140
4453|4453
899|899
9323|9323
8511|8511
8890|8890
3528|3528
7312|7312
725|725
9855|9855
507|507
6836|6836
7305|7305
4335|4335
3416|3416
9627|9627
1337|1337
9204|9204
7112|7112
4664|4664
9675|9675
9986|9986
7148|7148
621|621
8208|8208
2770|2770
4480|4480
3419|3419
7721|7721
7527|7527
7665|7665
5125|5125
4322|4322
2298|2298
2603|2603
9433|9433
3704|3704
8742|8742
7191|7191
6255|6255
3560|3560
7142|7142
6578|6578
7760|7760
4046|4046
3438|3438
9262|9262
8774|8774
5354|5354
9661|9661
7281|7281
9440|9440
1969|1969
3504|3504
923|923
4230|4230
5099|5099
7398|7398
3223|3223
7560|7560
240|240
1261|1261
5349|5349
1802|1802
3518|3518
5129|5129
3998|3998
4318|4318
403|403
3060|3060
3637|3637
3605|3605
3982|3982
5072|5072
3561|3561
393|393
3593|3593
4998|4998
6682|6682
5121|5121
2574|2574
8928|8928
7460|7460
7171|7171
1279|1279
6122|6122
8217|8217
6862|6862
4773|4773
9365|9365
7255|7255
5227|5227
96|96
3778|3778
6883|6883
3654|3654
6622|6622
7716|7716
8210|8210
7555|7555
9859|9859
6575|6575
6332|6332
8414|8414
4529|4529
1141|1141
3765|3765
603|603
1474|1474
5471|5471
5748|5748
8170|8170
8486|8486
4662|4662
3793|3793
1747|1747
7497|7497
744|744
1265|1265
2138|2138
4447|4447
2209|2209
4576|4576
4455|4455
9063|9063
3317|3317
8342|8342
2701|2701
9199|9199
9488|9488
590|590
9619|9619
4296|4296
7273|7273
4091|4091
892|892
4276|4276
5710|5710
2335|2335
2352|2352
1763|1763
4881|4881
8384|8384
5459|5459
7225|7225
3559|3559
9401|9401
8048|8048
115|115
9685|9685
6920|6920
4319|4319
4281|4281
1911|1911
2470|2470
4247|4247
2049|2049
4689|4689
2441|2441
620|620
4683|4683
8892|8892
9483|9483
6230|6230
8760|8760
4638|4638
1169|1169
654|654
388|388
5961|5961
414|414
5293|5293
5777|5777
8089|8089
4226|4226
684|684
869|869
7758|7758
7346|7346
8763|8763
5573|5573
5291|5291
1883|1883
6410|6410
9066|9066
5598|5598
8531|8531
9693|9693
4630|4630
5519|5519
7582|7582
425|425
5863|5863
8456|8456
3881|3881
5084|5084
8764|8764
6458|6458
1587|1587
887|887
8737|8737
3717|3717
7089|7089
4098|4098
1120|1120
9813|9813
1345|1345
9411|9411
3283|3283
5704|5704
335|335
7388|7388
5738|5738
9699|9699
4011|4011
8449|8449
7732|7732
4093|4093
4888|4888
1622|1622
3789|3789
1021|1021
5470|5470
4889|4889
8914|8914
2904|2904
1849|1849
1489|1489
9726|9726
4382|4382
3782|3782
81|81
296|296
1676|1676
2517|2517
1723|1723
6221|6221
5861|5861
2600|2600
7825|7825
4310|4310
974|974
8331|8331
5154|5154
5328|5328
3150|3150
5023|5023
8896|8896
520|520
5169|5169
8151|8151
9865|9865
1925|1925
1304|1304
1061|1061
2559|2559
3806|3806
6132|6132
5040|5040
5309|5309
5679|5679
1436|1436
7041|7041
9155|9155
8561|8561
5266|5266
9827|9827
8978|8978
805|805
8328|8328
4833|4833
9149|9149
6785|6785
2064|2064
6419|6419
5020|5020
5954|5954
2981|2981
6665|6665
7429|7429
6181|6181
4568|4568
8371|8371
4609|4609
343|343
3761|3761
1184|1184
5540|5540
7567|7567
9517|9517
563|563
1780|1780
5697|5697
9169|9169
351|351
735|735
6128|6128
2157|2157
857|857
4586|4586
5036|5036
5599|5599
456|456
5537|5537
4078|4078
9966|9966
4543|4543
2811|2811
9584|9584
178|178
6258|6258
2320|2320
6149|6149
8201|8201
1814|1814
1285|1285
9636|9636
3508|3508
3462|3462
1962|1962
6041|6041
6093|6093
4909|4909
3784|3784
6980|6980
4832|4832
7574|7574
7845|7845
5616|5616
3941|3941
6528|6528
6048|6048
1855|1855
2893|2893
3578|3578
6740|6740
5726|5726
8592|8592
973|973
9086|9086
5844|5844
3370|3370
9700|9700
9762|9762
5267|5267
2155|2155
5952|5952
6297|6297
42|42
2427|2427
5990|5990
5317|5317
7855|7855
628|628
374|374
2328|2328
3267|3267
2912|2912
522|522
4779|4779
2908|2908
6663|6663
4075|4075
5526|5526
3248|3248
5749|5749
5410|5410
596|596
2552|2552
1701|1701
2882|2882
9987|9987
5396|5396
6756|6756
1110|1110
5620|5620
5500|5500
2581|2581
7985|7985
1830|1830
6160|6160
2125|2125
5018|5018
9564|9564
6262|6262
8206|8206
5819|5819
321|321
4695|4695
7184|7184
9470|9470
9039|9039
9162|9162
8838|8838
79|79
358|358
3351|3351
4548|4548
1588|1588
9461|9461
6586|6586
2132|2132
435|435
1113|1113
7773|7773
6002|6002
2254|2254
7374|7374
7829|7829
8190|8190
4184|4184
3485|3485
1088|1088
167|167
203|203
6358|6358
45|45
7930|7930
7833|7833
8872|8872
4663|4663
8116|8116
5157|5157
3983|3983
2970|2970
1441|1441
6732|6732
4477|4477
373|373
3769|3769
3425|3425
6670|6670
2909|2909
8997|8997
5114|5114
3891|3891
3667|3667
5304|5304
6634|6634
3607|3607
3401|3401
4473|4473
9139|9139
5443|5443
5686|5686
5716|5716
5771|5771
9046|9046
3406|3406
7680|7680
2932|2932
258|258
7196|7196
2182|2182
406|406
4760|4760
1276|1276
9120|9120
7166|7166
4768|4768
4927|4927
8387|8387
3868|3868
64|64
9711|9711
312|312
862|862
7919|7919
1419|1419
3366|3366
3505|3505
3563|3563
3930|3930
4444|4444
1001|1001
4955|4955
994|994
5269|5269
578|578
6422|6422
9468|9468
7654|7654
1100|1100
6882|6882
2101|2101
1691|1691
5662|5662
1195|1195
3234|3234
9198|9198
5903|5903
976|976
1573|1573
8500|8500
1538|1538
7059|7059
4982|4982
9078|9078
7700|7700
3915|3915
5715|5715
455|455
6773|6773
1155|1155
3382|3382
966|966
9554|9554
2032|2032
2530|2530
4790|4790
8144|8144
6127|6127
1670|1670
5539|5539
1905|1905
1328|1328
6307|6307
3244|3244
6026|6026
9766|9766
9353|9353
6102|6102
6435|6435
2094|2094
2297|2297
6008|6008
2614|2614
426|426
103|103
2282|2282
9947|9947
3710|3710
1944|1944
6866|6866
8264|8264
9842|9842
6606|6606
3798|3798
6662|6662
4887|4887
1236|1236
6225|6225
8936|8936
5442|5442
3121|3121
7367|7367
1360|1360
4336|4336
5340|5340
3546|3546
996|996
2849|2849
3658|3658
3390|3390
3909|3909
3021|3021
6061|6061
7950|7950
5882|5882
5071|5071
7783|7783
523|523
6168|6168
1132|1132
3752|3752
8849|8849
7528|7528
3463|3463
5963|5963
2627|2627
2347|2347
3440|3440
6294|6294
6220|6220
2985|2985
4074|4074
5814|5814
2939|2939
8659|8659
4789|4789
574|574
8517|8517
2097|2097
83|83
1964|1964
4623|4623
9404|9404
2216|2216
3883|3883
2926|2926
2251|2251
1528|1528
4943|4943
9362|9362
4604|4604
2165|2165
2681|2681
9100|9100
4022|4022
6562|6562
235|235
6889|6889
2147|2147
5307|5307
4019|4019
3820|3820
1335|1335
6520|6520
3448|3448
9095|9095
1488|1488
695|695
7314|7314
782|782
8115|8115
5596|5596
4057|4057
5077|5077
1715|1715
4258|4258
6505|6505
9018|9018
3161|3161
832|832
1440|1440
7505|7505
4682|4682
2719|2719
6308|6308
8503|8503
3772|3772
6411|6411
6431|6431
6151|6151
3339|3339
3050|3050
439|439
9590|9590
3305|3305
7323|7323
2187|2187
6589|6589
8476|8476
2188|2188
8134|8134
4805|4805
4717|4717
1899|1899
4971|4971
9448|9448
4491|4491
8419|8419
2814|2814
293|293
3682|3682
5692|5692
7228|7228
7343|7343
7161|7161
7806|7806
7953|7953
9096|9096
9803|9803
4038|4038
2455|2455
7966|7966
3301|3301
6692|6692
6156|6156
8704|8704
6150|6150
6159|6159
4134|4134
6752|6752
6511|6511
4730|4730
9871|9871
6194|6194
3385|3385
5594|5594
3318|3318
3010|3010
3188|3188
9943|9943
7327|7327
3451|3451
7838|7838
4162|4162
1346|1346
6421|6421
7097|7097
8782|8782
8573|8573
5555|5555
1631|1631
5810|5810
9466|9466
9887|9887
2721|2721
587|587
7502|7502
895|895
9539|9539
2712|2712
1815|1815
4096|4096
5344|5344
2407|2407
5871|5871
7745|7745
8501|8501
1629|1629
8359|8359
5100|5100
3227|3227
9817|9817
2507|2507
5835|5835
5222|5222
3841|3841
8875|8875
7262|7262
1493|1493
9297|9297
548|548
6340|6340
3281|3281
1844|1844
7381|7381
5075|5075
2660|2660
3199|3199
5940|5940
88|88
7748|7748
4761|4761
9949|9949
6085|6085
9190|9190
1046|1046
1729|1729
2078|2078
3544|3544
8468|8468
1852|1852
5359|5359
3934|3934
9129|9129
6984|6984
4232|4232
630|630
5479|5479
7040|7040
5522|5522
5017|5017
1097|1097
7170|7170
2522|2522
6209|6209
7004|7004
5542|5542
4325|4325
4215|4215
4690|4690
3833|3833
4933|4933
8839|8839
1637|1637
7618|7618
8485|8485
9689|9689
8648|8648
7106|7106
8012|8012
6491|6491
4647|4647
2104|2104
9716|9716
2683|2683
3|3
114|114
8241|8241
1750|1750
8406|8406
3708|3708
2838|2838
9443|9443
7551|7551
1022|1022
3491|3491
818|818
5178|5178
9870|9870
6616|6616
8072|8072
512|512
3488|3488
9907|9907
369|369
3526|3526
2549|2549
4570|4570
2203|2203
9329|9329
6146|6146
7361|7361
9540|9540
4510|4510
3412|3412
989|989
9034|9034
7990|7990
4517|4517
1599|1599
863|863
8093|8093
6872|6872
540|540
1936|1936
8297|8297
6580|6580
4071|4071
3586|3586
3665|3665
8844|8844
1714|1714
8554|8554
8595|8595
7619|7619
8564|8564
5320|5320
1650|1650
4460|4460
1732|1732
2768|2768
9732|9732
3997|3997
6705|6705
6654|6654
7890|7890
4050|4050
8084|8084
7785|7785
7359|7359
6561|6561
6687|6687
7066|7066
5406|5406
1296|1296
9214|9214
9954|9954
5108|5108
5987|5987
3516|3516
442|442
8940|8940
7707|7707
4210|4210
4739|4739
4740|4740
2708|2708
2292|2292
3523|3523
1301|1301
924|924
2341|2341
7537|7537
7763|7763
9600|9600
245|245
6318|6318
6679|6679
4270|4270
2498|2498
8112|8112
3812|3812
2380|2380
2673|2673
6184|6184
7108|7108
5038|5038
791|791
3362|3362
1245|1245
5700|5700
2857|2857
908|908
1456|1456
5928|5928
397|397
6652|6652
9031|9031
278|278
8537|8537
1737|1737
2247|2247
5117|5117
7988|7988
7772|7772
1639|1639
2365|2365
7691|7691
8939|8939
8877|8877
6735|6735
6981|6981
6063|6063
3153|3153
8129|8129
7313|7313
4287|4287
7333|7333
8588|8588
3096|3096
6360|6360
2421|2421
5130|5130
1527|1527
4308|4308
9626|9626
8616|8616
5450|5450
9141|9141
8475|8475
9703|9703
4118|4118
5446|5446
828|828
1526|1526
2354|2354
2704|2704
2572|2572
2923|2923
7014|7014
41|41
2749|2749
7645|7645
433|433
72|72
4635|4635
6791|6791
2290|2290
208|208
9673|9673
5275|5275
3530|3530
1955|1955
6349|6349
1473|1473
9391|9391
8036|8036
2167|2167
6367|6367
2548|2548
6743|6743
9609|9609
3473|3473
9384|9384
6672|6672
1995|1995
6597|6597
7562|7562
5544|5544
7129|7129
5200|5200
2266|2266
9094|9094
7010|7010
1581|1581
247|247
6907|6907
8952|8952
5220|5220
3899|3899
3299|3299
6746|6746
8370|8370
5681|5681
5914|5914
2891|2891
809|809
3332|3332
4465|4465
2337|2337
6734|6734
9674|9674
9143|9143
2807|2807
7539|7539
4891|4891
4305|4305
6145|6145
8720|8720
5332|5332
9126|9126
5126|5126
4922|4922
4052|4052
5999|5999
2057|2057
2408|2408
8006|8006
9731|9731
236|236
3511|3511
7955|7955
8245|8245
6537|6537
468|468
7044|7044
5283|5283
738|738
2610|2610
7353|7353
2429|2429
5584|5584
7431|7431
9300|9300
6162|6162
14|14
3662|3662
2726|2726
1820|1820
8092|8092
8097|8097
9688|9688
7681|7681
1258|1258
3813|3813
9342|9342
7909|7909
8462|8462
7175|7175
6742|6742
3178|3178
835|835
9680|9680
197|197
52|52
8346|8346
3496|3496
8852|8852
843|843
5575|5575
3076|3076
4952|4952
9060|9060
6335|6335
6004|6004
3723|3723
3387|3387
1218|1218
2946|2946
6824|6824
8183|8183
6894|6894
919|919
7125|7125
211|211
6143|6143
5932|5932
3520|3520
2813|2813
5176|5176
2108|2108
7110|7110
205|205
8551|8551
1072|1072
8424|8424
4077|4077
1742|1742
8495|8495
2264|2264
1115|1115
3296|3296
3627|3627
1586|1586
2911|2911
595|595
1683|1683
7164|7164
4766|4766
4015|4015
6807|6807
7176|7176
6763|6763
3811|3811
2208|2208
3182|3182
9548|9548
7364|7364
2501|2501
8388|8388
9145|9145
8446|8446
9938|9938
2631|2631
1912|1912
4266|4266
885|885
5262|5262
469|469
641|641
6582|6582
2656|2656
795|795
6100|6100
3634|3634
2839|2839
2070|2070
5530|5530
8836|8836
1418|1418
9793|9793
5046|5046
4273|4273
3103|3103
2592|2592
1754|1754
2136|2136
8813|8813
5444|5444
4774|4774
6564|6564
8104|8104
1233|1233
2554|2554
8817|8817
4606|4606
2336|2336
9313|9313
9348|9348
9883|9883
3657|3657
6653|6653
5022|5022
4613|4613
4251|4251
7002|7002
1255|1255
5223|5223
3183|3183
9556|9556
4676|4676
5951|5951
589|589
3381|3381
160|160
2524|2524
4762|4762
5988|5988
5173|5173
5179|5179
9768|9768
6066|6066
2159|2159
6293|6293
3222|3222
894|894
5451|5451
5473|5473
4710|4710
5865|5865
1323|1323
3885|3885
1812|1812
5393|5393
8312|8312
5893|5893
1302|1302
8256|8256
1777|1777
2609|2609
1980|1980
3895|3895
3556|3556
7735|7735
2044|2044
5318|5318
6214|6214
623|623
1630|1630
9|9
9914|9914
9311|9311
3443|3443
6964|6964
1704|1704
5852|5852
4708|4708
3145|3145
2925|2925
917|917
8608|8608
2989|2989
8865|8865
3532|3532
3458|3458
3809|3809
4350|4350
9997|9997
1246|1246
1878|1878
5935|5935
2446|2446
5785|5785
7689|7689
6164|6164
4533|4533
7874|7874
6868|6868
232|232
454|454
2948|2948
2211|2211
1861|1861
7972|7972
3603|3603
8248|8248
6856|6856
129|129
7779|7779
2404|2404
599|599
9694|9694
193|193
415|415
4127|4127
4435|4435
5001|5001
7069|7069
8451|8451
4839|4839
339|339
1871|1871
8293|8293
788|788
3456|3456
2317|2317
1173|1173
7711|7711
1838|1838
1067|1067
3471|3471
7921|7921
9252|9252
8959|8959
6346|6346
7278|7278
648|648
3126|3126
8745|8745
5630|5630
4931|4931
7340|7340
7524|7524
1157|1157
3602|3602
9521|9521
4089|4089
2616|2616
9045|9045
2450|2450
8780|8780
3731|3731
9890|9890
9452|9452
9284|9284
5936|5936
6838|6838
2786|2786
5506|5506
7932|7932
5131|5131
9028|9028
5829|5829
6524|6524
3760|3760
8285|8285
8656|8656
4043|4043
9882|9882
2611|2611
7326|7326
5619|5619
7610|7610
1790|1790
9758|9758
2386|2386
2236|2236
2047|2047
2329|2329
3551|3551
2006|2006
2176|2176
1530|1530
2322|2322
5655|5655
8526|8526
7804|7804
9220|9220
2836|2836
8125|8125
6739|6739
3512|3512
8420|8420
7777|7777
7212|7212
5792|5792
5626|5626
2698|2698
187|187
8044|8044
6895|6895
1956|1956
2685|2685
1697|1697
3411|3411
9354|9354
7565|7565
3392|3392
9520|9520
6649|6649
7832|7832
5037|5037
7457|7457
831|831
6812|6812
9532|9532
376|376
1295|1295
6394|6394
9413|9413
1601|1601
9791|9791
3656|3656
9254|9254
7513|7513
5957|5957
9487|9487
8197|8197
6137|6137
3540|3540
3454|3454
7999|7999
7235|7235
7276|7276
2508|2508
1785|1785
9492|9492
6375|6375
7674|7674
6546|6546
8624|8624
988|988
2612|2612
6000|6000
4813|4813
9754|9754
7996|7996
2742|2742
1283|1283
5375|5375
5122|5122
4853|4853
4674|4674
9001|9001
8788|8788
416|416
8797|8797
7657|7657
8353|8353
6969|6969
8481|8481
5769|5769
112|112
4211|4211
1034|1034
9429|9429
1582|1582
2551|2551
6519|6519
5026|5026
5518|5518
2604|2604
8458|8458
2201|2201
330|330
1449|1449
3059|3059
1578|1578
1196|1196
7200|7200
1623|1623
3531|3531
9451|9451
1380|1380
6787|6787
3081|3081
4822|4822
8842|8842
2092|2092
2409|2409
1740|1740
3492|3492
3420|3420
7723|7723
1452|1452
9643|9643
2878|2878
8904|8904
5823|5823
9668|9668
7514|7514
7019|7019
3925|3925
759|759
4601|4601
3138|3138
4463|4463
7365|7365
790|790
865|865
3232|3232
4431|4431
6695|6695
6119|6119
4646|4646
2374|2374
8319|8319
2463|2463
4776|4776
3612|3612
6765|6765
7782|7782
3985|3985
8690|8690
3468|3468
6989|6989
3046|3046
6950|6950
866|866
801|801
6484|6484
2591|2591
1147|1147
3858|3858
3742|3742
1149|1149
3646|3646
9624|9624
4824|4824
1376|1376
166|166
8413|8413
2861|2861
3472|3472
7965|7965
1161|1161
6590|6590
3495|3495
8155|8155
7809|7809
4055|4055
6177|6177
8311|8311
7444|7444
6794|6794
4854|4854
5821|5821
4759|4759
7104|7104
8708|8708
2456|2456
970|970
1604|1604
36|36
379|379
9072|9072
5755|5755
4180|4180
7842|7842
4041|4041
2377|2377
6091|6091
3555|3555
9432|9432
5545|5545
9389|9389
3196|3196
1047|1047
5172|5172
359|359
4885|4885
2777|2777
7426|7426
1396|1396
4735|4735
7899|7899
2143|2143
8718|8718
659|659
3633|3633
9825|9825
107|107
18|18
6549|6549
6053|6053
4131|4131
7573|7573
4144|4144
1546|1546
3677|3677
6728|6728
1646|1646
1609|1609
9927|9927
4720|4720
9194|9194
6681|6681
2432|2432
9446|9446
8453|8453
6365|6365
8381|8381
2148|2148
982|982
290|290
1079|1079
4209|4209
9676|9676
4464|4464
5214|5214
173|173
3287|3287
7029|7029
1660|1660
4090|4090
9426|9426
1985|1985
85|85
9210|9210
8543|8543
1509|1509
78|78
710|710
5468|5468
6783|6783
2831|2831
2851|2851
5491|5491
3253|3253
673|673
2641|2641
5421|5421
3827|3827
3026|3026
485|485
80|80
3393|3393
4549|4549
5284|5284
184|184
593|593
6222|6222
7797|7797
5558|5558
7793|7793
571|571
7946|7946
7490|7490
131|131
8841|8841
3787|3787
4392|4392
3444|3444
7591|7591
8772|8772
3146|3146
9017|9017
7392|7392
2827|2827
1496|1496
7202|7202
281|281
5669|5669
53|53
9331|9331
9428|9428
6839|6839
1437|1437
9898|9898
8859|8859
6404|6404
4823|4823
1042|1042
922|922
9137|9137
4119|4119
2472|2472
2529|2529
5722|5722
5886|5886
2820|2820
2119|2119
3470|3470
8775|8775
2233|2233
8157|8157
46|46
6750|6750
3722|3722
920|920
3664|3664
2454|2454
7532|7532
9995|9995
7624|7624
9380|9380
4589|4589
783|783
8528|8528
1198|1198
3714|3714
6835|6835
7229|7229
1864|1864
2479|2479
1891|1891
9801|9801
4653|4653
1052|1052
8073|8073
6957|6957
5869|5869
8575|8575
8840|8840
7477|7477
9015|9015
5776|5776
261|261
2033|2033
6211|6211
6237|6237
8234|8234
5282|5282
5846|5846
5569|5569
3093|3093
8803|8803
2680|2680
6573|6573
2879|2879
4390|4390
7652|7652
6848|6848
636|636
2174|2174
6816|6816
8205|8205
2606|2606
6251|6251
3404|3404
3609|3609
562|562
6560|6560
3750|3750
7824|7824
4973|4973
2486|2486
3023|3023
6904|6904
9282|9282
4862|4862
9932|9932
1522|1522
3466|3466
7495|7495
1270|1270
2085|2085
1971|1971
7007|7007
3066|3066
402|402
2226|2226
9167|9167
1178|1178
6302|6302
332|332
6766|6766
8303|8303
3061|3061
4857|4857
5336|5336
1717|1717
9964|9964
959|959
1659|1659
9415|9415
3441|3441
8923|8923
1952|1952
7103|7103
872|872
494|494
6879|6879
6129|6129
814|814
1274|1274
4572|4572
1404|1404
9904|9904
7813|7813
3699|3699
32|32
9184|9184
5249|5249
3967|3967
2573|2573
8759|8759
5466|5466
2618|2618
6499|6499
2399|2399
5920|5920
9909|9909
9595|9595
4784|4784
7467|7467
3034|3034
9009|9009
9290|9290
8032|8032
4107|4107
1799|1799
8452|8452
8417|8417
8557|8557
2220|2220
5391|5391
5503|5503
481|481
37|37
3597|3597
8674|8674
4245|4245
4441|4441
9390|9390
9302|9302
3209|3209
6138|6138
4903|4903
4404|4404
7706|7706
2217|2217
7050|7050
2294|2294
7135|7135
9581|9581
7666|7666
5637|5637
2634|2634
4484|4484
8150|8150
9091|9091
6668|6668
4138|4138
1082|1082
2016|2016
5964|5964
4070|4070
3408|3408
1083|1083
8587|8587
6079|6079
8279|8279
2009|2009
3450|3450
9631|9631
8670|8670
3002|3002
6192|6192
7419|7419
1768|1768
9239|9239
4908|4908
726|726
3237|3237
6890|6890
1300|1300
246|246
8935|8935
9809|9809
17|17
3807|3807
2537|2537
8796|8796
2692|2692
2466|2466
8259|8259
7603|7603
8278|8278
1354|1354
8100|8100
8541|8541
2338|2338
190|190
3514|3514
6266|6266
713|713
4785|4785
1539|1539
4292|4292
5644|5644
6719|6719
4997|4997
3972|3972
2082|2082
8372|8372
6853|6853
7576|7576
4954|4954
6625|6625
2397|2397
3111|3111
6256|6256
5213|5213
9571|9571
7063|7063
2629|2629
7342|7342
8913|8913
4593|4593
3743|3743
1568|1568
3326|3326
2993|2993
5919|5919
8445|8445
9338|9338
8040|8040
3482|3482
9958|9958
4396|4396
6795|6795
2381|2381
2464|2464
9775|9775
222|222
4217|4217
311|311
471|471
731|731
3515|3515
1839|1839
4389|4389
3780|3780
7479|7479
794|794
566|566
9218|9218
4419|4419
303|303
3712|3712
7120|7120
1801|1801
2275|2275
1353|1353
3942|3942
2819|2819
2525|2525
8243|8243
8402|8402
4924|4924
3070|3070
663|663
1343|1343
6381|6381
9903|9903
2798|2798
5815|5815
4360|4360
4534|4534
8410|8410
3216|3216
1009|1009
7091|7091
3212|3212
2259|2259
9566|9566
1765|1765
8519|8519
4282|4282
6609|6609
1317|1317
2401|2401
583|583
3439|3439
5273|5273
424|424
2271|2271
113|113
748|748
4704|4704
5825|5825
6058|6058
1339|1339
3172|3172
708|708
7683|7683
8603|8603
1434|1434
9121|9121
8798|8798
1965|1965
9663|9663
3457|3457
3926|3926
8423|8423
7324|7324
1366|1366
8722|8722
4536|4536
8186|8186
7947|7947
4633|4633
5955|5955
4673|4673
9649|9649
752|752
2190|2190
5145|5145
5839|5839
8254|8254
1963|1963
9497|9497
1603|1603
9456|9456
8604|8604
8058|8058
7119|7119
581|581
4317|4317
6657|6657
4129|4129
5024|5024
9179|9179
8513|8513
1550|1550
8881|8881
8765|8765
5238|5238
8968|8968
3027|3027
7027|7027
3962|3962
1942|1942
7795|7795
2960|2960
6206|6206
999|999
5880|5880
4591|4591
8586|8586
8961|8961
8257|8257
7401|7401
2439|2439
3589|3589
2137|2137
9752|9752
5005|5005
3927|3927
6844|6844
5968|5968
4385|4385
9123|9123
4280|4280
3159|3159
5860|5860
2613|2613
280|280
5566|5566
3830|3830
2110|2110
6441|6441
5817|5817
8212|8212
668|668
7862|7862
5350|5350
1606|1606
7201|7201
3852|3852
8440|8440
6476|6476
6246|6246
9582|9582
5494|5494
4627|4627
2410|2410
2657|2657
2762|2762
7028|7028
3051|3051
765|765
741|741
8638|8638
9642|9642
9248|9248
912|912
3486|3486
2880|2880
7329|7329
68|68
3452|3452
7853|7853
8747|8747
216|216
7500|7500
5003|5003
9736|9736
9592|9592
4265|4265
6351|6351
3549|3549
348|348
5039|5039
2907|2907
9893|9893
822|822
7051|7051
1098|1098
3848|3848
7915|7915
6398|6398
8882|8882
8164|8164
3058|3058
7150|7150
8470|8470
1398|1398
4688|4688
4814|4814
8681|8681
3921|3921
3083|3083
5146|5146
1018|1018
3071|3071
742|742
4048|4048
7734|7734
1322|1322
3007|3007
5243|5243
551|551
3116|3116
2998|2998
3608|3608
5080|5080
2238|2238
4969|4969
1945|1945
3877|3877
5696|5696
672|672
7512|7512
3871|3871
1579|1579
513|513
3338|3338
9977|9977
3887|3887
2940|2940
7916|7916
4200|4200
1727|1727
2068|2068
9364|9364
2951|2951
5279|5279
9874|9874
4231|4231
7127|7127
500|500
9058|9058
7033|7033
8071|8071
9336|9336
4479|4479
7511|7511
457|457
8295|8295
8247|8247
7592|7592
611|611
7997|7997
7663|7663
1377|1377
7416|7416
6106|6106
2056|2056
2934|2934
5366|5366
404|404
8863|8863
3951|3951
1907|1907
852|852
4741|4741
6019|6019
5103|5103
5089|5089
1334|1334
1200|1200
9088|9088
2667|2667
1926|1926
9147|9147
4358|4358
4698|4698
980|980
4923|4923
5768|5768
8428|8428
1359|1359
5806|5806
100|100
4819|4819
4099|4099
5002|5002
6450|6450
4590|4590
6699|6699
6259|6259
2435|2435
7285|7285
9565|9565
1134|1134
4757|4757
8380|8380
7987|7987
4926|4926
111|111
8120|8120
9723|9723
3545|3545
2790|2790
4132|4132
3762|3762
8078|8078
9185|9185
4865|4865
4614|4614
3277|3277
9660|9660
1073|1073
2252|2252
7451|7451
7207|7207
7383|7383
8030|8030
2431|2431
7506|7506
1793|1793
9591|9591
6725|6725
5144|5144
6343|6343
5870|5870
3100|3100
4554|4554
2021|2021
7417|7417
1772|1772
7612|7612
9889|9889
3859|3859
2690|2690
1241|1241
6217|6217
2004|2004
1435|1435
3208|3208
4758|4758
4288|4288
7935|7935
1094|1094
437|437
9695|9695
9010|9010
7929|7929
8565|8565
326|326
7302|7302
8242|8242
688|688
1064|1064
4811|4811
1661|1661
7520|7520
3878|3878
6418|6418
8515|8515
1395|1395
3099|3099
5498|5498
225|225
8868|8868
9265|9265
1237|1237
757|757
3796|3796
7675|7675
1114|1114
9911|9911
4684|4684
3953|3953
134|134
4204|4204
7614|7614
8673|8673
6449|6449
4615|4615
1887|1887
8077|8077
8483|8483
1485|1485
9202|9202
6248|6248
7056|7056
3294|3294
8986|8986
4112|4112
2403|2403
7677|7677
3952|3952
849|849
7726|7726
6751|6751
8568|8568
4617|4617
9829|9829
4754|4754
7685|7685
619|619
2030|2030
8955|8955
5488|5488
124|124
8830|8830
1484|1484
2791|2791
2096|2096
3169|3169
3876|3876
3068|3068
5796|5796
3374|3374
7149|7149
6425|6425
1862|1862
5209|5209
9939|9939
4793|4793
8867|8867
371|371
3775|3775
5365|5365
499|499
3403|3403
5623|5623
9278|9278
118|118
7753|7753
8122|8122
9613|9613
5367|5367
159|159
1870|1870
2563|2563
8641|8641
4699|4699
2502|2502
4352|4352
8147|8147
3307|3307
7962|7962
9750|9750
5351|5351
8949|8949
5915|5915
4588|4588
8407|8407
777|777
2875|2875
9692|9692
5615|5615
7391|7391
7180|7180
5481|5481
8455|8455
6567|6567
9503|9503
6044|6044
1946|1946
5647|5647
829|829
9299|9299
6823|6823
2935|2935
5423|5423
4897|4897
5709|5709
8042|8042
3945|3945
9861|9861
7021|7021
6447|6447
9729|9729
3958|3958
7042|7042
8338|8338
6579|6579
1856|1856
7408|7408
8905|8905
4792|4792
8017|8017
7267|7267
796|796
4092|4092
497|497
6295|6295
6315|6315
8004|8004
9012|9012
8344|8344
2334|2334
7466|7466
2506|2506
6513|6513
712|712
5052|5052
9620|9620
754|754
3233|3233
4236|4236
8309|8309
5034|5034
6916|6916
2733|2733
6792|6792
5866|5866
3851|3851
2583|2583
7942|7942
2584|2584
4539|4539
8538|8538
5054|5054
1615|1615
4911|4911
12|12
9230|9230
3855|3855
7438|7438
9819|9819
2340|2340
6553|6553
8715|8715
5529|5529
8998|8998
9573|9573
1678|1678
756|756
287|287
2679|2679
4870|4870
9998|9998
9295|9295
1030|1030
220|220
1654|1654
9509|9509
5605|5605
436|436
9165|9165
873|873
5357|5357
8227|8227
5656|5656
8792|8792
891|891
3922|3922
8932|8932
5992|5992
4086|4086
2658|2658
1935|1935
6180|6180
2965|2965
4821|4821
1320|1320
6516|6516
1619|1619
3097|3097
1783|1783
2465|2465
9506|9506
9664|9664
8845|8845
5725|5725
4042|4042
7897|7897
9026|9026
1126|1126
1553|1553
6680|6680
3109|3109
4742|4742
4466|4466
6596|6596
1217|1217
8509|8509
7254|7254
77|77
799|799
1427|1427
9216|9216
6474|6474
3432|3432
8510|8510
9596|9596
3435|3435
5549|5549
8801|8801
7214|7214
8022|8022
4521|4521
5625|5625
9920|9920
6200|6200
9812|9812
6717|6717
8215|8215
2842|2842
7570|7570
1010|1010
1286|1286
5372|5372
51|51
256|256
4530|4530
5765|5765
2636|2636
9712|9712
1176|1176
4338|4338
3016|3016
4984|4984
646|646
2595|2595
1804|1804
9669|9669
9369|9369
1993|1993
2179|2179
1663|1663
1287|1287
3270|3270
2150|2150
3268|3268
8142|8142
7182|7182
2384|2384
4428|4428
2645|2645
5666|5666
2766|2766
6397|6397
6437|6437
5859|5859
275|275
2979|2979
6630|6630
6014|6014
3428|3428
6764|6764
8726|8726
5224|5224
4611|4611
8810|8810
4807|4807
6030|6030
9161|9161
1008|1008
5760|5760
9474|9474
3950|3950
1611|1611
9093|9093
5152|5152
6274|6274
7065|7065
6947|6947
6387|6387
6020|6020
4105|4105
5271|5271
7163|7163
3753|3753
7073|7073
3437|3437
2283|2283
5905|5905
7536|7536
5834|5834
3198|3198
3610|3610
7100|7100
5397|5397
770|770
760|760
7746|7746
9414|9414
1385|1385
8156|8156
400|400
4928|4928
8430|8430
8520|8520
4519|4519
9836|9836
1358|1358
5424|5424
8474|8474
421|421
3995|3995
580|580
1433|1433
7473|7473
3311|3311
6081|6081
328|328
3863|3863
2447|2447
6857|6857
9735|9735
2714|2714
5458|5458
4637|4637
2156|2156
9563|9563
1552|1552
3478|3478
6312|6312
2876|2876
157|157
2661|2661
2103|2103
8870|8870
6995|6995
101|101
1500|1500
5836|5836
8778|8778
6167|6167
7181|7181
6747|6747
2700|2700
5840|5840
2291|2291
5976|5976
3400|3400
3903|3903
4303|4303
5876|5876
1510|1510
2109|2109
9478|9478
8921|8921
3480|3480
4794|4794
1889|1889
9502|9502
6762|6762
1350|1350
273|273
186|186
6337|6337
1635|1635
3455|3455
2177|2177
5398|5398
2231|2231
6987|6987
7516|7516
2133|2133
4527|4527
7594|7594
4619|4619
2540|2540
7396|7396
9530|9530
8695|8695
6355|6355
7363|7363
6552|6552
1162|1162
5076|5076
963|963
3062|3062
7234|7234
117|117
6125|6125
3599|3599
6896|6896
936|936
3818|3818
5148|5148
9379|9379
2105|2105
2331|2331
418|418
9398|9398
6929|6929
529|529
9558|9558
2100|2100
4770|4770
9941|9941
812|812
2666|2666
4343|4343
4448|4448
3621|3621
730|730
405|405
7581|7581
1491|1491
67|67
6861|6861
775|775
7794|7794
2560|2560
1020|1020
4367|4367
1249|1249
987|987
2945|2945
2635|2635
4249|4249
6534|6534
2475|2475
9449|9449
411|411
606|606
6075|6075
4172|4172
9124|9124
6526|6526
3754|3754
3211|3211
3834|3834
2154|2154
9240|9240
1775|1775
5820|5820
5664|5664
5066|5066
4592|4592
6891|6891
2343|2343
8571|8571
7213|7213
5113|5113
6482|6482
9630|9630
6453|6453
505|505
5191|5191
4275|4275
957|957
6108|6108
28|28
8037|8037
6974|6974
762|762
9276|9276
8063|8063
8386|8386
4051|4051
9499|9499
8269|8269
6758|6758
3947|3947
4650|4650
3445|3445
5586|5586
8146|8146
7642|7642
667|667
1234|1234
2801|2801
766|766
7811|7811
2994|2994
9062|9062
8767|8767
9707|9707
629|629
1277|1277
27|27
8945|8945
1268|1268
8818|8818
6620|6620
8460|8460
7817|7817
5577|5577
9097|9097
2445|2445
4494|4494
5757|5757
6852|6852
8239|8239
1476|1476
660|660
9029|9029
5689|5689
9207|9207
6998|6998
8550|8550
2802|2802
4294|4294
62|62
2244|2244
6386|6386
8169|8169
1368|1368
4815|4815
5217|5217
6196|6196
2892|2892
945|945
5822|5822
8232|8232
6140|6140
6088|6088
8465|8465
3522|3522
7993|7993
5374|5374
228|228
7858|7858
4470|4470
4065|4065
604|604
9025|9025
2900|2900
8051|8051
2902|2902
4056|4056
9036|9036
6859|6859
5415|5415
3987|3987
8981|8981
8355|8355
517|517
7948|7948
8919|8919
1312|1312
3220|3220
2862|2862
9815|9815
3736|3736
1583|1583
7617|7617
2362|2362
3992|3992
3839|3839
1906|1906
479|479
3098|3098
2720|2720
5136|5136
9869|9869
3732|3732
5775|5775
9652|9652
2344|2344
5433|5433
1462|1462
3131|3131
1160|1160
1075|1075
4847|4847
3659|3659
4255|4255
8158|8158
4816|4816
9273|9273
5930|5930
6540|6540
9733|9733
5298|5298
2225|2225
1949|1949
8207|8207
3120|3120
4513|4513
6833|6833
6801|6801
5809|5809
6612|6612
3498|3498
7960|7960
3641|3641
4007|4007
9270|9270
7968|7968
7525|7525
8098|8098
5012|5012
1459|1459
2443|2443
7704|7704
5210|5210
6472|6472
380|380
4962|4962
4151|4151
5286|5286
4835|4835
3999|3999
4199|4199
2806|2806
4972|4972
5435|5435
3240|3240
4312|4312
7282|7282
5888|5888
346|346
531|531
1817|1817
3937|3937
1707|1707
8128|8128
6231|6231
1186|1186
1709|1709
893|893
9885|9885
6152|6152
6383|6383
7538|7538
7455|7455
1329|1329
1761|1761
1371|1371
657|657
6864|6864
2189|2189
1421|1421
239|239
1796|1796
5288|5288
4834|4834
6171|6171
4483|4483
392|392
5982|5982
8547|8547
4836|4836
4946|4946
347|347
4083|4083
6577|6577
9658|9658
5567|5567
3853|3853
9033|9033
868|868
5897|5897
4454|4454
5428|5428
3629|3629
5457|5457
3681|3681
6535|6535
1483|1483
5733|5733
2050|2050
7404|7404
8768|8768
9186|9186
5640|5640
2008|2008
7912|7912
949|949
1303|1303
6191|6191
2210|2210
3331|3331
3802|3802
2304|2304
9011|9011
7020|7020
2620|2620
6608|6608
7174|7174
1751|1751
6238|6238
8502|8502
6712|6712
878|878
3671|3671
7437|7437
2048|2048
3163|3163
7057|7057
2780|2780
5977|5977
1031|1031
8646|8646
7774|7774
7504|7504
525|525
3961|3961
194|194
2513|2513
1558|1558
2730|2730
320|320
9334|9334
2818|2818
9208|9208
3069|3069
3888|3888
4942|4942
3557|3557
7507|7507
4665|4665
8168|8168
6325|6325
5175|5175
3800|3800
4628|4628
8770|8770
8578|8578
4528|4528
4163|4163
3284|3284
4084|4084
1501|1501
5485|5485
9274|9274
3293|3293
9154|9154
1190|1190
5512|5512
7552|7552
7501|7501
7488|7488
7831|7831
2385|2385
4034|4034
3000|3000
8594|8594
817|817
6724|6724
5837|5837
9632|9632
4880|4880
2921|2921
4787|4787
5285|5285
4324|4324
6224|6224
8102|8102
1130|1130
1858|1858
243|243
1791|1791
6131|6131
3548|3548
4344|4344
1150|1150
5687|5687
9255|9255
8000|8000
3430|3430
2014|2014
886|886
3487|3487
9109|9109
8323|8323
9979|9979
767|767
8744|8744
4272|4272
8189|8189
7319|7319
2739|2739
1829|1829
2256|2256
2332|2332
8743|8743
345|345
9741|9741
543|543
9472|9472
8602|8602
1542|1542
4569|4569
9902|9902
1941|1941
122|122
9453|9453
4285|4285
649|649
229|229
7649|7649
7544|7544
5996|5996
1722|1722
9847|9847
6228|6228
2503|2503
1920|1920
6975|6975
6659|6659
8953|8953
4557|4557
8523|8523
6062|6062
7259|7259
6881|6881
918|918
8916|8916
1477|1477
8632|8632
3288|3288
8229|8229
3415|3415
2268|2268
7131|7131
7688|7688
8094|8094
5911|5911
5308|5308
4874|4874
7770|7770
2881|2881
2077|2077
3340|3340
9704|9704
9944|9944
5134|5134
8276|8276
9821|9821
4812|4812
7693|7693
2869|2869
6271|6271
6372|6372
6997|6997
1352|1352
5747|5747
3203|3203
6814|6814
1499|1499
1610|1610
5265|5265
3986|3986
7873|7873
9233|9233
288|288
4553|4553
2448|2448
1598|1598
3901|3901
1570|1570
8647|8647
8127|8127
6799|6799
175|175
6414|6414
8320|8320
7310|7310
1461|1461
1746|1746
3078|3078
316|316
9314|9314
8607|8607
9269|9269
364|364
156|156
8106|8106
1053|1053
7658|7658
2577|2577
5685|5685
5047|5047
7468|7468
8496|8496
9405|9405
1517|1517
8933|8933
9657|9657
3272|3272
3989|3989
8667|8667
3249|3249
6280|6280
4733|4733
5931|5931
9241|9241
3643|3643
8990|8990
5411|5411
6503|6503
6737|6737
2054|2054
2668|2668
7984|7984
3499|3499
7622|7622
5196|5196
1206|1206
467|467
2835|2835
2359|2359
8200|8200
2012|2012
2561|2561
8408|8408
9662|9662
6285|6285
395|395
1966|1966
6388|6388
6087|6087
5472|5472
3289|3289
8666|8666
1471|1471
7303|7303
4469|4469
3160|3160
7172|7172
7802|7802
2898|2898
5675|5675
3764|3764
2515|2515
155|155
5867|5867
4715|4715
354|354
1362|1362
8660|8660
1463|1463
6401|6401
5345|5345
4959|4959
8976|8976
6599|6599
4062|4062
5735|5735
4976|4976
7737|7737
1203|1203
7379|7379
1412|1412
8847|8847
2473|2473
8450|8450
6477|6477
8181|8181
4502|4502
3114|3114
5595|5595
4659|4659
8920|8920
5431|5431
7003|7003
651|651
8942|8942
1928|1928
158|158
3353|3353
8404|8404
1909|1909
2169|2169
259|259
1877|1877
6036|6036
939|939
703|703
2967|2967
1325|1325
1634|1634
3262|3262
5312|5312
6252|6252
2937|2937
2608|2608
3218|3218
5110|5110
6753|6753
2438|2438
3245|3245
5128|5128
9575|9575
2792|2792
6115|6115
1069|1069
9019|9019
9396|9396
1875|1875
5650|5650
1686|1686
4340|4340
6163|6163
5830|5830
7752|7752
9103|9103
2311|2311
2931|2931
5642|5642
1381|1381
2305|2305
8177|8177
8038|8038
2799|2799
8677|8677
271|271
1939|1939
3422|3422
3846|3846
1318|1318
269|269
5745|5745
9648|9648
9035|9035
4582|4582
8645|8645
2805|2805
1720|1720
6855|6855
1056|1056
9022|9022
1975|1975
7847|7847
721|721
9180|9180
3738|3738
333|333
884|884
4500|4500
4518|4518
3336|3336
2930|2930
7679|7679
119|119
233|233
8711|8711
7306|7306
7713|7713
8095|8095
6671|6671
2178|2178
9877|9877
8756|8756
4130|4130
3816|3816
8418|8418
2460|2460
3085|3085
4192|4192
63|63
2785|2785
7399|7399
3745|3745
9303|9303
665|665
7931|7931
9918|9918
7092|7092
8548|8548
7913|7913
84|84
4769|4769
591|591
4331|4331
9940|9940
5597|5597
7269|7269
8649|8649
9064|9064
4158|4158
6463|6463
8267|8267
3349|3349
4992|4992
6661|6661
2185|2185
8013|8013
9808|9808
4166|4166
7185|7185
450|450
2250|2250
6303|6303
7474|7474
313|313
5033|5033
4561|4561
2975|2975
4482|4482
2633|2633
2755|2755
5991|5991
9358|9358
9953|9953
9116|9116
6099|6099
5731|5731
6813|6813
2218|2218
3840|3840
8750|8750
8665|8665
3644|3644
1455|1455
6260|6260
6470|6470
7928|7928
4725|4725
5274|5274
8196|8196
2958|2958
544|544
6407|6407
9098|9098
8678|8678
1656|1656
6940|6940
750|750
594|594
5096|5096
6646|6646
3960|3960
4437|4437
